run_dir,run_number,run_index,run_id,method,load,status,start_ts,end_ts,error,monitor_enabled,migrate_enabled,control_run,batch_id,batch_dir,summary_present,summary_path,summary_load_error,excluded,exclude_reason,analysis_note,cutover_ms,cutover_ms_event,cutover_strategy,http_downtime_ms,l4_downtime_ms,vip_http_client_visible_total_down_ms,vip_http_client_visible_down_segments,vip_http_client_visible_outage_span_ms,vip_http_cutover_near_downtime_ms,vip_http_downtime_ms,vip_l4_downtime_ms,vip_http_cutover_gap_ms,vip_l4_cutover_gap_ms,vip_http_downphase_ms,vip_l4_downphase_ms,vip_http_samples_before,vip_http_samples_after,vip_http_transport_err_before,vip_http_transport_err_after,vip_http_non_200_before,vip_http_non_200_after,vip_l4_samples_before,vip_l4_samples_after,vip_l4_up_before,vip_l4_up_after,vip_l4_down_before,vip_l4_down_after,vip_http_segment_start_ms,vip_http_segment_end_ms,precopy_final_dump_ms,precopy_transfer_prepare_ms,precopy_vip_prepare_ms,precopy_dest_container_cleanup_ms,precopy_transfer_to_restore_ms,precopy_restore_call_ms,precopy_transfer_to_restore_exec_ms,precopy_restore_launch_overhead_ms,precopy_restore_exec_ms,precopy_restore_return_overhead_ms,precopy_restore_to_cutover_ms,precopy_restore_exec_to_cutover_ms,precopy_transfer_mode,precopy_transfer_verify_mode,postcopy_restore_to_readiness_ms,postcopy_readiness_gate_ms,postcopy_warmup_duration_ms,postcopy_cutover_duration_ms,postcopy_cutover_to_health_ok_ms,monitor_http_timeout_ms,monitor_l4_timeout_ms,monitor_precision_mode,monitor_burst_window_ms,migration_vip_garp_count,migration_vip_garp_interval_ms,migration_vip_garp_mode,migration_vip_conntrack_clear_src,migration_precopy_image_mode,migration_precopy_pre_dump_rounds,migration_precopy_tcp_established,migration_postcopy_readiness_stable_successes,migration_postcopy_readiness_interval_ms,migration_postcopy_readiness_timeout_ms,migration_postcopy_probe_max_time_s,migration_postcopy_warmup_rounds,migration_postcopy_warmup_interval_ms,migration_postcopy_warmup_max_duration_ms,latency_src_p50_ms,latency_src_avg_ms,latency_dst_p50_ms,latency_dst_avg_ms,latency_vip_p50_ms,latency_vip_avg_ms,stream_disconnects,stream_max_gap_ms,stream_avg_bps,download_bytes_total,download_duration_ms,dl_avg_bps,download_disconnects,download_max_gap_ms,upload_bytes_total,upload_duration_ms,upload_avg_bps,upload_disconnects,upload_max_gap_ms,analyze_rc,latency_delta_dst_src_p50_ms,latency_delta_dst_src_avg_ms,vip_http_client_visible_minus_l4_downtime_ms,vip_http_minus_l4_downtime_ms
D:\ContainerLiveMigration\tests\testläufe\messungen_daten\runs\batches\20260511_071211_postcopy_wrk1_0d71f4\runs\0001,0001,1,20260511_071211_postcopy_01_ed6778,postcopy,wrk1,ok,2026-05-11T07:12:11Z,2026-05-11T07:12:55Z,,True,True,False,20260511_071211_postcopy_wrk1_0d71f4,/mnt/criu/runs/batches/20260511_071211_postcopy_wrk1_0d71f4,True,D:\ContainerLiveMigration\tests\testläufe\messungen_daten\runs\batches\20260511_071211_postcopy_wrk1_0d71f4\runs\0001\summary.json,,False,,,1778483561821.0,1778483561821.0,events(offset_corrected),12851.0,3449.0,10045.0,2.0,14564.0,1263.0,1263.0,1311.0,54.0,51.0,6006.0,1301.0,201.0,166.0,121.0,26.0,0.0,0.0,200.0,166.0,198.0,139.0,2.0,27.0,1778483562387.0,1778483563650.0,,2207.0,,,3218.0,1819.0,,,,,5309.0,,,,4165.0,2381.0,928.0,2947.0,3548.0,40.0,40.0,False,0.0,3.0,200.0,A,False,shared,0.0,1.0,3.0,200.0,10000.0,2.0,1.0,0.0,400.0,10.355,10.824,10.565,11.224,12.175,12.945,51.0,,0.0,0.0,0.0,,0.0,,0.0,0.0,,0.0,,0,0.20999999999999908,0.40000000000000036,8734.0,-48.0
D:\ContainerLiveMigration\tests\testläufe\messungen_daten\runs\batches\20260511_071211_postcopy_wrk1_0d71f4\runs\0002,0002,2,20260511_071257_postcopy_02_f3b021,postcopy,wrk1,ok,2026-05-11T07:12:57Z,2026-05-11T07:13:40Z,,True,True,False,20260511_071211_postcopy_wrk1_0d71f4,/mnt/criu/runs/batches/20260511_071211_postcopy_wrk1_0d71f4,True,D:\ContainerLiveMigration\tests\testläufe\messungen_daten\runs\batches\20260511_071211_postcopy_wrk1_0d71f4\runs\0002\summary.json,,False,,,1778483606306.0,1778483606306.0,events(offset_corrected),12348.0,3400.0,10009.0,3.0,13913.0,1113.0,1113.0,1159.0,55.0,0.0,6598.0,1149.0,201.0,160.0,133.0,24.0,0.0,0.0,201.0,159.0,201.0,135.0,0.0,24.0,1778483606868.0,1778483607981.0,,2188.0,,,3310.0,2659.0,,,,,3934.0,,,,2773.0,2346.0,934.0,2726.0,3298.0,40.0,40.0,False,0.0,3.0,200.0,A,False,shared,0.0,1.0,3.0,200.0,10000.0,2.0,1.0,0.0,400.0,10.21,10.982,10.235,10.617,11.86,12.257,50.0,,0.0,0.0,0.0,,0.0,,0.0,0.0,,0.0,,0,0.02499999999999858,-0.36499999999999844,8850.0,-46.0
D:\ContainerLiveMigration\tests\testläufe\messungen_daten\runs\batches\20260511_071211_postcopy_wrk1_0d71f4\runs\0003,0003,3,20260511_071342_postcopy_03_94209a,postcopy,wrk1,ok,2026-05-11T07:13:42Z,2026-05-11T07:14:24Z,,True,True,False,20260511_071211_postcopy_wrk1_0d71f4,/mnt/criu/runs/batches/20260511_071211_postcopy_wrk1_0d71f4,True,D:\ContainerLiveMigration\tests\testläufe\messungen_daten\runs\batches\20260511_071211_postcopy_wrk1_0d71f4\runs\0003\summary.json,,False,,,1778483651059.0,1778483651059.0,events(offset_corrected),12089.0,3350.0,9310.0,2.0,13668.0,1163.0,1163.0,1160.0,52.0,49.0,6102.0,1150.0,200.0,163.0,123.0,24.0,0.0,0.0,200.0,163.0,200.0,139.0,0.0,24.0,1778483651593.0,1778483652756.0,,2050.0,,,3208.0,1879.0,,,,,4878.0,,,,3747.0,2410.0,916.0,2747.0,3332.0,40.0,40.0,False,0.0,3.0,200.0,A,False,shared,0.0,1.0,3.0,200.0,10000.0,2.0,1.0,0.0,400.0,9.89,11.499,9.045,10.476,11.3,12.673,49.0,,0.0,0.0,0.0,,0.0,,0.0,0.0,,0.0,,0,-0.8450000000000006,-1.0229999999999997,8150.0,3.0
D:\ContainerLiveMigration\tests\testläufe\messungen_daten\runs\batches\20260511_071211_postcopy_wrk1_0d71f4\runs\0004,0004,4,20260511_071426_postcopy_04_22cc55,postcopy,wrk1,ok,2026-05-11T07:14:26Z,2026-05-11T07:15:09Z,,True,True,False,20260511_071211_postcopy_wrk1_0d71f4,/mnt/criu/runs/batches/20260511_071211_postcopy_wrk1_0d71f4,True,D:\ContainerLiveMigration\tests\testläufe\messungen_daten\runs\batches\20260511_071211_postcopy_wrk1_0d71f4\runs\0004\summary.json,,False,,,1778483695661.0,1778483695661.0,events(offset_corrected),12096.0,3201.0,9580.0,2.0,13762.0,1212.0,1212.0,1210.0,68.0,50.0,6356.0,1200.0,201.0,166.0,128.0,25.0,0.0,0.0,200.0,166.0,200.0,141.0,0.0,25.0,1778483696224.0,1778483697436.0,,2340.0,,,3127.0,1878.0,,,,,4690.0,,,,3655.0,2293.0,843.0,2936.0,3484.0,40.0,40.0,False,0.0,3.0,200.0,A,False,shared,0.0,1.0,3.0,200.0,10000.0,2.0,1.0,0.0,400.0,9.88,10.674,9.0,9.899,11.71,12.851,50.0,,0.0,0.0,0.0,,0.0,,0.0,0.0,,0.0,,0,-0.8800000000000008,-0.7750000000000004,8370.0,2.0
D:\ContainerLiveMigration\tests\testläufe\messungen_daten\runs\batches\20260511_071211_postcopy_wrk1_0d71f4\runs\0005,0005,5,20260511_071511_postcopy_05_8873be,postcopy,wrk1,ok,2026-05-11T07:15:11Z,2026-05-11T07:15:55Z,,True,True,False,20260511_071211_postcopy_wrk1_0d71f4,/mnt/criu/runs/batches/20260511_071211_postcopy_wrk1_0d71f4,True,D:\ContainerLiveMigration\tests\testläufe\messungen_daten\runs\batches\20260511_071211_postcopy_wrk1_0d71f4\runs\0005\summary.json,,False,,,1778483742026.0,1778483742026.0,events(offset_corrected),12610.0,3245.0,9838.0,2.0,14212.0,1163.0,1163.0,1161.0,78.0,50.0,6152.0,1150.0,201.0,160.0,124.0,24.0,0.0,0.0,200.0,161.0,200.0,137.0,0.0,24.0,1778483742592.0,1778483743755.0,,2130.0,,,3106.0,2101.0,,,,,5215.0,,,,4072.0,2275.0,925.0,2694.0,3267.0,40.0,40.0,False,0.0,3.0,200.0,A,False,shared,0.0,1.0,3.0,200.0,10000.0,2.0,1.0,0.0,400.0,11.185,12.277,9.47,10.454,10.76,11.586,52.0,,0.0,0.0,0.0,,0.0,,0.0,0.0,,0.0,,0,-1.7149999999999999,-1.8229999999999986,8677.0,2.0
D:\ContainerLiveMigration\tests\testläufe\messungen_daten\runs\batches\20260511_071211_postcopy_wrk1_0d71f4\runs\0006,0006,6,20260511_071557_postcopy_06_bf42aa,postcopy,wrk1,ok,2026-05-11T07:15:57Z,2026-05-11T07:16:41Z,,True,True,False,20260511_071211_postcopy_wrk1_0d71f4,/mnt/criu/runs/batches/20260511_071211_postcopy_wrk1_0d71f4,True,D:\ContainerLiveMigration\tests\testläufe\messungen_daten\runs\batches\20260511_071211_postcopy_wrk1_0d71f4\runs\0006\summary.json,,False,,,1778483787179.0,1778483787179.0,events(offset_corrected),12009.0,3450.0,9935.0,3.0,14360.0,1866.0,1866.0,1810.0,44.0,50.0,6051.0,1800.0,201.0,172.0,123.0,38.0,0.0,0.0,200.0,172.0,199.0,135.0,1.0,37.0,1778483787741.0,1778483789607.0,,2049.0,,,2979.0,2038.0,,,,,4919.0,,,,3769.0,2347.0,943.0,3388.0,3828.0,40.0,40.0,False,0.0,3.0,200.0,A,False,shared,0.0,1.0,3.0,200.0,10000.0,2.0,1.0,0.0,400.0,10.74,11.7,8.98,9.745,11.16,12.407,52.0,,0.0,0.0,0.0,,0.0,,0.0,0.0,,0.0,,0,-1.7599999999999998,-1.955,8125.0,56.0
D:\ContainerLiveMigration\tests\testläufe\messungen_daten\runs\batches\20260511_071211_postcopy_wrk1_0d71f4\runs\0007,0007,7,20260511_071643_postcopy_07_06b343,postcopy,wrk1,ok,2026-05-11T07:16:43Z,2026-05-11T07:17:26Z,,True,True,False,20260511_071211_postcopy_wrk1_0d71f4,/mnt/criu/runs/batches/20260511_071211_postcopy_wrk1_0d71f4,True,D:\ContainerLiveMigration\tests\testläufe\messungen_daten\runs\batches\20260511_071211_postcopy_wrk1_0d71f4\runs\0007\summary.json,,False,,,1778483832140.0,1778483832140.0,events(offset_corrected),12400.0,3200.0,9755.0,2.0,14063.0,1213.0,1213.0,1261.0,71.0,0.0,6197.0,1251.0,200.0,165.0,125.0,25.0,0.0,0.0,201.0,163.0,201.0,137.0,0.0,26.0,1778483832706.0,1778483833919.0,,2096.0,,,3145.0,1872.0,,,,,5014.0,,,,3925.0,2221.0,884.0,2830.0,3428.0,40.0,40.0,False,0.0,3.0,200.0,A,False,shared,0.0,1.0,3.0,200.0,10000.0,2.0,1.0,0.0,400.0,10.775,11.788,8.11,9.108,11.05,12.075,50.0,,0.0,0.0,0.0,,0.0,,0.0,0.0,,0.0,,0,-2.665000000000001,-2.6799999999999997,8494.0,-48.0
D:\ContainerLiveMigration\tests\testläufe\messungen_daten\runs\batches\20260511_071211_postcopy_wrk1_0d71f4\runs\0008,0008,8,20260511_071727_postcopy_08_717005,postcopy,wrk1,ok,2026-05-11T07:17:27Z,2026-05-11T07:18:11Z,,True,True,False,20260511_071211_postcopy_wrk1_0d71f4,/mnt/criu/runs/batches/20260511_071211_postcopy_wrk1_0d71f4,True,D:\ContainerLiveMigration\tests\testläufe\messungen_daten\runs\batches\20260511_071211_postcopy_wrk1_0d71f4\runs\0008\summary.json,,False,,,1778483877678.0,1778483877678.0,events(offset_corrected),12551.0,3349.0,9697.0,2.0,14215.0,1212.0,1212.0,1260.0,62.0,52.0,6003.0,1250.0,200.0,166.0,121.0,25.0,0.0,0.0,200.0,166.0,199.0,140.0,1.0,26.0,1778483878258.0,1778483879470.0,,2209.0,,,2964.0,1894.0,,,,,5222.0,,,,4098.0,2332.0,885.0,2929.0,3480.0,40.0,40.0,False,0.0,3.0,200.0,A,False,shared,0.0,1.0,3.0,200.0,10000.0,2.0,1.0,0.0,400.0,8.435,10.022,9.19,10.254,10.73,11.793,51.0,,0.0,0.0,0.0,,0.0,,0.0,0.0,,0.0,,0,0.754999999999999,0.23199999999999932,8437.0,-48.0
D:\ContainerLiveMigration\tests\testläufe\messungen_daten\runs\batches\20260511_071211_postcopy_wrk1_0d71f4\runs\0009,0009,9,20260511_071813_postcopy_09_3fbdba,postcopy,wrk1,ok,2026-05-11T07:18:13Z,2026-05-11T07:18:56Z,,True,True,False,20260511_071211_postcopy_wrk1_0d71f4,/mnt/criu/runs/batches/20260511_071211_postcopy_wrk1_0d71f4,True,D:\ContainerLiveMigration\tests\testläufe\messungen_daten\runs\batches\20260511_071211_postcopy_wrk1_0d71f4\runs\0009\summary.json,,False,,,1778483923040.0,1778483923040.0,events(offset_corrected),12951.0,4200.0,9390.0,2.0,14609.0,1212.0,1212.0,1211.0,49.0,48.0,5303.0,1200.0,201.0,160.0,107.0,25.0,0.0,0.0,200.0,161.0,200.0,136.0,0.0,25.0,1778483923609.0,1778483924821.0,,2095.0,,,2962.0,1930.0,,,,,5880.0,,,,4760.0,3143.0,910.0,2729.0,3287.0,40.0,40.0,False,0.0,3.0,200.0,A,False,shared,0.0,1.0,3.0,200.0,10000.0,2.0,1.0,0.0,400.0,10.37,10.965,9.535,10.663,11.72,12.702,51.0,,0.0,0.0,0.0,,0.0,,0.0,0.0,,0.0,,0,-0.8349999999999991,-0.3019999999999996,8179.0,1.0
D:\ContainerLiveMigration\tests\testläufe\messungen_daten\runs\batches\20260511_071211_postcopy_wrk1_0d71f4\runs\0010,0010,10,20260511_071858_postcopy_10_f2c77e,postcopy,wrk1,ok,2026-05-11T07:18:58Z,2026-05-11T07:19:42Z,,True,True,False,20260511_071211_postcopy_wrk1_0d71f4,/mnt/criu/runs/batches/20260511_071211_postcopy_wrk1_0d71f4,True,D:\ContainerLiveMigration\tests\testläufe\messungen_daten\runs\batches\20260511_071211_postcopy_wrk1_0d71f4\runs\0010\summary.json,,False,,,1778483967967.0,1778483967967.0,events(offset_corrected),12410.0,3302.0,9707.0,2.0,14064.0,1211.0,1211.0,1210.0,45.0,53.0,6103.0,1200.0,200.0,167.0,123.0,25.0,0.0,0.0,200.0,167.0,200.0,142.0,0.0,25.0,1778483968504.0,1778483969715.0,,2428.0,,,3032.0,1777.0,,,,,4966.0,,,,3829.0,2292.0,913.0,2931.0,3509.0,40.0,40.0,False,0.0,3.0,200.0,A,False,shared,0.0,1.0,3.0,200.0,10000.0,2.0,1.0,0.0,400.0,9.29,10.831,9.45,10.386,11.075,12.183,51.0,,0.0,0.0,0.0,,0.0,,0.0,0.0,,0.0,,0,0.16000000000000014,-0.4450000000000003,8497.0,1.0
D:\ContainerLiveMigration\tests\testläufe\messungen_daten\runs\batches\20260511_071211_postcopy_wrk1_0d71f4\runs\0011,0011,11,20260511_071943_postcopy_11_90be73,postcopy,wrk1,ok,2026-05-11T07:19:43Z,2026-05-11T07:20:27Z,,True,True,False,20260511_071211_postcopy_wrk1_0d71f4,/mnt/criu/runs/batches/20260511_071211_postcopy_wrk1_0d71f4,True,D:\ContainerLiveMigration\tests\testläufe\messungen_daten\runs\batches\20260511_071211_postcopy_wrk1_0d71f4\runs\0011\summary.json,,False,,,1778484013182.0,1778484013182.0,events(offset_corrected),12749.0,3401.0,9946.0,2.0,14417.0,1262.0,1262.0,1210.0,63.0,50.0,6004.0,1200.0,201.0,164.0,121.0,26.0,0.0,0.0,200.0,164.0,199.0,139.0,1.0,25.0,1778484013686.0,1778484014948.0,,2297.0,,,3126.0,1929.0,,,,,5160.0,,,,4032.0,2320.0,917.0,2934.0,3484.0,40.0,40.0,False,0.0,3.0,200.0,A,False,shared,0.0,1.0,3.0,200.0,10000.0,2.0,1.0,0.0,400.0,11.15,12.201,11.525,11.642,11.41,12.291,50.0,,0.0,0.0,0.0,,0.0,,0.0,0.0,,0.0,,0,0.375,-0.559000000000001,8736.0,52.0
D:\ContainerLiveMigration\tests\testläufe\messungen_daten\runs\batches\20260511_071211_postcopy_wrk1_0d71f4\runs\0012,0012,12,20260511_072029_postcopy_12_d719c8,postcopy,wrk1,ok,2026-05-11T07:20:29Z,2026-05-11T07:21:13Z,,True,True,False,20260511_071211_postcopy_wrk1_0d71f4,/mnt/criu/runs/batches/20260511_071211_postcopy_wrk1_0d71f4,True,D:\ContainerLiveMigration\tests\testläufe\messungen_daten\runs\batches\20260511_071211_postcopy_wrk1_0d71f4\runs\0012\summary.json,,False,,,1778484059678.0,1778484059678.0,events(offset_corrected),12913.0,3489.0,9911.0,2.0,14560.0,1212.0,1212.0,1211.0,60.0,49.0,5851.0,1200.0,201.0,162.0,118.0,25.0,0.0,0.0,200.0,162.0,200.0,137.0,0.0,25.0,1778484060230.0,1778484061442.0,,2446.0,,,3249.0,1921.0,,,,,5252.0,,,,4112.0,2362.0,916.0,2779.0,3344.0,40.0,40.0,False,0.0,3.0,200.0,A,False,shared,0.0,1.0,3.0,200.0,10000.0,2.0,1.0,0.0,400.0,10.875,11.47,9.88,10.581,11.795,12.511,52.0,,0.0,0.0,0.0,,0.0,,0.0,0.0,,0.0,,0,-0.9949999999999992,-0.8890000000000011,8700.0,1.0
D:\ContainerLiveMigration\tests\testläufe\messungen_daten\runs\batches\20260511_071211_postcopy_wrk1_0d71f4\runs\0013,0013,13,20260511_072114_postcopy_13_bdde57,postcopy,wrk1,ok,2026-05-11T07:21:14Z,2026-05-11T07:21:59Z,,True,True,False,20260511_071211_postcopy_wrk1_0d71f4,/mnt/criu/runs/batches/20260511_071211_postcopy_wrk1_0d71f4,True,D:\ContainerLiveMigration\tests\testläufe\messungen_daten\runs\batches\20260511_071211_postcopy_wrk1_0d71f4\runs\0013\summary.json,,False,,,1778484104722.0,1778484104722.0,events(offset_corrected),12003.0,3104.0,10199.0,2.0,14264.0,1864.0,1864.0,1860.0,53.0,53.0,6403.0,1850.0,201.0,171.0,129.0,38.0,0.0,0.0,200.0,171.0,200.0,133.0,0.0,38.0,1778484105229.0,1778484107093.0,,2229.0,,,2839.0,1840.0,,,,,4852.0,,,,3823.0,2192.0,836.0,3387.0,3819.0,40.0,40.0,False,0.0,3.0,200.0,A,False,shared,0.0,1.0,3.0,200.0,10000.0,2.0,1.0,0.0,400.0,10.48,11.743,6.68,8.251,8.95,10.06,52.0,,0.0,0.0,0.0,,0.0,,0.0,0.0,,0.0,,0,-3.8000000000000007,-3.492000000000001,8339.0,4.0
D:\ContainerLiveMigration\tests\testläufe\messungen_daten\runs\batches\20260511_071211_postcopy_wrk1_0d71f4\runs\0014,0014,14,20260511_072200_postcopy_14_c08968,postcopy,wrk1,ok,2026-05-11T07:22:00Z,2026-05-11T07:22:43Z,,True,True,False,20260511_071211_postcopy_wrk1_0d71f4,/mnt/criu/runs/batches/20260511_071211_postcopy_wrk1_0d71f4,True,D:\ContainerLiveMigration\tests\testläufe\messungen_daten\runs\batches\20260511_071211_postcopy_wrk1_0d71f4\runs\0014\summary.json,,False,,,1778484149816.0,1778484149816.0,events(offset_corrected),12267.0,3499.0,9458.0,2.0,13964.0,1310.0,1310.0,1260.0,44.0,49.0,5904.0,1250.0,200.0,166.0,119.0,27.0,0.0,0.0,200.0,165.0,200.0,139.0,0.0,26.0,1778484150315.0,1778484151625.0,,2164.0,,,2938.0,1853.0,,,,,5065.0,,,,3927.0,2386.0,942.0,2956.0,3526.0,40.0,40.0,False,0.0,3.0,200.0,A,False,shared,0.0,1.0,3.0,200.0,10000.0,2.0,1.0,0.0,400.0,10.52,11.379,8.77,10.062,10.4,11.845,50.0,,0.0,0.0,0.0,,0.0,,0.0,0.0,,0.0,,0,-1.75,-1.3170000000000002,8198.0,50.0
D:\ContainerLiveMigration\tests\testläufe\messungen_daten\runs\batches\20260511_071211_postcopy_wrk1_0d71f4\runs\0015,0015,15,20260511_072245_postcopy_15_ed7379,postcopy,wrk1,ok,2026-05-11T07:22:45Z,2026-05-11T07:23:29Z,,True,True,False,20260511_071211_postcopy_wrk1_0d71f4,/mnt/criu/runs/batches/20260511_071211_postcopy_wrk1_0d71f4,True,D:\ContainerLiveMigration\tests\testläufe\messungen_daten\runs\batches\20260511_071211_postcopy_wrk1_0d71f4\runs\0015\summary.json,,False,,,1778484195410.0,1778484195410.0,events(offset_corrected),12644.0,3350.0,9897.0,2.0,14324.0,1212.0,1212.0,1160.0,54.0,51.0,6051.0,1149.0,200.0,163.0,122.0,25.0,0.0,0.0,200.0,163.0,200.0,139.0,0.0,24.0,1778484195969.0,1778484197181.0,,2239.0,,,3095.0,1946.0,,,,,5102.0,,,,3988.0,2400.0,901.0,2805.0,3368.0,40.0,40.0,False,0.0,3.0,200.0,A,False,shared,0.0,1.0,3.0,200.0,10000.0,2.0,1.0,0.0,400.0,10.895,12.088,9.915,10.883,11.64,12.828,50.0,,0.0,0.0,0.0,,0.0,,0.0,0.0,,0.0,,0,-0.9800000000000004,-1.205,8737.0,52.0
D:\ContainerLiveMigration\tests\testläufe\messungen_daten\runs\batches\20260511_071211_postcopy_wrk1_0d71f4\runs\0016,0016,16,20260511_072330_postcopy_16_fd167a,postcopy,wrk1,ok,2026-05-11T07:23:30Z,2026-05-11T07:24:14Z,,True,True,False,20260511_071211_postcopy_wrk1_0d71f4,/mnt/criu/runs/batches/20260511_071211_postcopy_wrk1_0d71f4,True,D:\ContainerLiveMigration\tests\testläufe\messungen_daten\runs\batches\20260511_071211_postcopy_wrk1_0d71f4\runs\0016\summary.json,,False,,,1778484240756.0,1778484240756.0,events(offset_corrected),12941.0,2901.0,10638.0,2.0,14562.0,1213.0,1213.0,1210.0,61.0,50.0,6505.0,1200.0,200.0,163.0,131.0,25.0,0.0,0.0,200.0,162.0,200.0,137.0,0.0,25.0,1778484241244.0,1778484242457.0,,2297.0,,,3170.0,2491.0,,,,,4769.0,,,,3813.0,2036.0,774.0,2797.0,3386.0,40.0,40.0,False,0.0,3.0,200.0,A,False,shared,0.0,1.0,3.0,200.0,10000.0,2.0,1.0,0.0,400.0,10.08,11.431,7.625,8.714,10.31,11.214,52.0,,0.0,0.0,0.0,,0.0,,0.0,0.0,,0.0,,0,-2.455,-2.7169999999999987,9428.0,3.0
D:\ContainerLiveMigration\tests\testläufe\messungen_daten\runs\batches\20260511_071211_postcopy_wrk1_0d71f4\runs\0017,0017,17,20260511_072416_postcopy_17_d1bb68,postcopy,wrk1,ok,2026-05-11T07:24:16Z,2026-05-11T07:24:59Z,,True,True,False,20260511_071211_postcopy_wrk1_0d71f4,/mnt/criu/runs/batches/20260511_071211_postcopy_wrk1_0d71f4,True,D:\ContainerLiveMigration\tests\testläufe\messungen_daten\runs\batches\20260511_071211_postcopy_wrk1_0d71f4\runs\0017\summary.json,,False,,,1778484285533.0,1778484285533.0,events(offset_corrected),12207.0,3448.0,9450.0,2.0,13959.0,1213.0,1213.0,1210.0,51.0,53.0,6060.0,1200.0,201.0,161.0,122.0,25.0,0.0,0.0,200.0,161.0,199.0,136.0,1.0,25.0,1778484286139.0,1778484287352.0,,2118.0,,,2817.0,1792.0,,,,,5254.0,,,,4100.0,2310.0,924.0,2811.0,3355.0,40.0,40.0,False,0.0,3.0,200.0,A,False,shared,0.0,1.0,3.0,200.0,10000.0,2.0,1.0,0.0,400.0,9.245,10.818,10.27,11.211,11.275,12.595,49.0,,0.0,0.0,0.0,,0.0,,0.0,0.0,,0.0,,0,1.0250000000000004,0.3930000000000007,8240.0,3.0
D:\ContainerLiveMigration\tests\testläufe\messungen_daten\runs\batches\20260511_071211_postcopy_wrk1_0d71f4\runs\0018,0018,18,20260511_072501_postcopy_18_a540d2,postcopy,wrk1,ok,2026-05-11T07:25:01Z,2026-05-11T07:25:44Z,,True,True,False,20260511_071211_postcopy_wrk1_0d71f4,/mnt/criu/runs/batches/20260511_071211_postcopy_wrk1_0d71f4,True,D:\ContainerLiveMigration\tests\testläufe\messungen_daten\runs\batches\20260511_071211_postcopy_wrk1_0d71f4\runs\0018\summary.json,,False,,,1778484330654.0,1778484330654.0,events(offset_corrected),12656.0,3349.0,9892.0,3.0,14325.0,1214.0,1214.0,1260.0,59.0,50.0,6062.0,1250.0,201.0,159.0,122.0,26.0,0.0,0.0,200.0,159.0,200.0,133.0,0.0,26.0,1778484331219.0,1778484332433.0,,2030.0,,,3384.0,1948.0,,,,,5280.0,,,,4131.0,2280.0,948.0,2671.0,3244.0,40.0,40.0,False,0.0,3.0,200.0,A,False,shared,0.0,1.0,3.0,200.0,10000.0,2.0,1.0,0.0,400.0,9.005,10.479,10.04,10.463,10.985,12.142,50.0,,0.0,0.0,0.0,,0.0,,0.0,0.0,,0.0,,0,1.0349999999999984,-0.016000000000000014,8632.0,-46.0
D:\ContainerLiveMigration\tests\testläufe\messungen_daten\runs\batches\20260511_071211_postcopy_wrk1_0d71f4\runs\0019,0019,19,20260511_072546_postcopy_19_ecf3f0,postcopy,wrk1,ok,2026-05-11T07:25:46Z,2026-05-11T07:26:30Z,,True,True,False,20260511_071211_postcopy_wrk1_0d71f4,/mnt/criu/runs/batches/20260511_071211_postcopy_wrk1_0d71f4,True,D:\ContainerLiveMigration\tests\testläufe\messungen_daten\runs\batches\20260511_071211_postcopy_wrk1_0d71f4\runs\0019\summary.json,,False,,,1778484376726.0,1778484376726.0,events(offset_corrected),12221.0,3340.0,9589.0,2.0,13933.0,1312.0,1312.0,1310.0,28.0,48.0,6056.0,1300.0,199.0,168.0,122.0,27.0,0.0,0.0,200.0,167.0,198.0,140.0,2.0,27.0,1778484377244.0,1778484378556.0,,2255.0,,,2941.0,1854.0,,,,,5094.0,,,,3955.0,2297.0,945.0,2980.0,3566.0,40.0,40.0,False,0.0,3.0,200.0,A,False,shared,0.0,1.0,3.0,200.0,10000.0,2.0,1.0,0.0,400.0,6.99,8.746,10.17,10.871,10.09,11.435,52.0,,0.0,0.0,0.0,,0.0,,0.0,0.0,,0.0,,0,3.1799999999999997,2.125,8279.0,2.0
D:\ContainerLiveMigration\tests\testläufe\messungen_daten\runs\batches\20260511_071211_postcopy_wrk1_0d71f4\runs\0020,0020,20,20260511_072632_postcopy_20_c9d177,postcopy,wrk1,ok,2026-05-11T07:26:32Z,2026-05-11T07:27:17Z,,True,True,False,20260511_071211_postcopy_wrk1_0d71f4,/mnt/criu/runs/batches/20260511_071211_postcopy_wrk1_0d71f4,True,D:\ContainerLiveMigration\tests\testläufe\messungen_daten\runs\batches\20260511_071211_postcopy_wrk1_0d71f4\runs\0020\summary.json,,False,,,1778484423633.0,1778484423633.0,events(offset_corrected),13516.0,4202.0,9982.0,3.0,15176.0,1215.0,1215.0,1211.0,42.0,57.0,5250.0,1200.0,200.0,165.0,107.0,25.0,0.0,0.0,199.0,164.0,197.0,139.0,2.0,25.0,1778484424159.0,1778484425374.0,,2419.0,,,2908.0,1926.0,,,,,6018.0,,,,4095.0,2330.0,1708.0,2878.0,3449.0,40.0,40.0,False,0.0,3.0,200.0,A,False,shared,0.0,1.0,3.0,200.0,10000.0,2.0,1.0,0.0,400.0,11.13,11.611,10.64,11.999,12.79,13.547,54.0,,0.0,0.0,0.0,,0.0,,0.0,0.0,,0.0,,0,-0.4900000000000002,0.3879999999999999,8771.0,4.0
D:\ContainerLiveMigration\tests\testläufe\messungen_daten\runs\batches\20260511_071211_postcopy_wrk1_0d71f4\runs\0021,0021,21,20260511_072718_postcopy_21_81f0dd,postcopy,wrk1,ok,2026-05-11T07:27:18Z,2026-05-11T07:28:01Z,,True,True,False,20260511_071211_postcopy_wrk1_0d71f4,/mnt/criu/runs/batches/20260511_071211_postcopy_wrk1_0d71f4,True,D:\ContainerLiveMigration\tests\testläufe\messungen_daten\runs\batches\20260511_071211_postcopy_wrk1_0d71f4\runs\0021\summary.json,,False,,,1778484467982.0,1778484467982.0,events(offset_corrected),12198.0,3300.0,9502.0,2.0,13866.0,1262.0,1262.0,1262.0,45.0,50.0,6101.0,1250.0,200.0,163.0,123.0,26.0,0.0,0.0,200.0,163.0,199.0,137.0,1.0,26.0,1778484468513.0,1778484469775.0,,2156.0,,,2969.0,1804.0,,,,,4994.0,,,,3933.0,2264.0,861.0,2803.0,3377.0,40.0,40.0,False,0.0,3.0,200.0,A,False,shared,0.0,1.0,3.0,200.0,10000.0,2.0,1.0,0.0,400.0,11.07,11.813,10.21,11.037,12.08,13.179,50.0,,0.0,0.0,0.0,,0.0,,0.0,0.0,,0.0,,0,-0.8599999999999994,-0.7759999999999998,8240.0,0.0
D:\ContainerLiveMigration\tests\testläufe\messungen_daten\runs\batches\20260511_071211_postcopy_wrk1_0d71f4\runs\0022,0022,22,20260511_072803_postcopy_22_414b88,postcopy,wrk1,ok,2026-05-11T07:28:03Z,2026-05-11T07:28:47Z,,True,True,False,20260511_071211_postcopy_wrk1_0d71f4,/mnt/criu/runs/batches/20260511_071211_postcopy_wrk1_0d71f4,True,D:\ContainerLiveMigration\tests\testläufe\messungen_daten\runs\batches\20260511_071211_postcopy_wrk1_0d71f4\runs\0022\summary.json,,False,,,1778484513404.0,1778484513404.0,events(offset_corrected),12390.0,3450.0,9514.0,2.0,14024.0,1163.0,1163.0,1213.0,47.0,50.0,6004.0,1200.0,201.0,164.0,121.0,24.0,0.0,0.0,200.0,164.0,200.0,139.0,0.0,25.0,1778484513970.0,1778484515133.0,,1922.0,,,3152.0,1954.0,,,,,5128.0,,,,3971.0,2325.0,927.0,2877.0,3465.0,40.0,40.0,False,0.0,3.0,200.0,A,False,shared,0.0,1.0,3.0,200.0,10000.0,2.0,1.0,0.0,400.0,11.31,11.818,8.92,10.158,10.69,12.107,50.0,,0.0,0.0,0.0,,0.0,,0.0,0.0,,0.0,,0,-2.3900000000000006,-1.6600000000000001,8301.0,-50.0
D:\ContainerLiveMigration\tests\testläufe\messungen_daten\runs\batches\20260511_071211_postcopy_wrk1_0d71f4\runs\0023,0023,23,20260511_072848_postcopy_23_259d85,postcopy,wrk1,ok,2026-05-11T07:28:48Z,2026-05-11T07:29:32Z,,True,True,False,20260511_071211_postcopy_wrk1_0d71f4,/mnt/criu/runs/batches/20260511_071211_postcopy_wrk1_0d71f4,True,D:\ContainerLiveMigration\tests\testläufe\messungen_daten\runs\batches\20260511_071211_postcopy_wrk1_0d71f4\runs\0023\summary.json,,False,,,1778484558785.0,1778484558785.0,events(offset_corrected),12196.0,3401.0,9616.0,2.0,14017.0,1363.0,1363.0,1359.0,50.0,49.0,6101.0,1349.0,201.0,168.0,123.0,28.0,0.0,0.0,200.0,168.0,200.0,140.0,0.0,28.0,1778484559347.0,1778484560710.0,,2158.0,,,3001.0,1906.0,,,,,4879.0,,,,3732.0,2307.0,907.0,3021.0,3605.0,40.0,40.0,False,0.0,3.0,200.0,A,False,shared,0.0,1.0,3.0,200.0,10000.0,2.0,1.0,0.0,400.0,10.315,11.722,9.58,10.192,11.2,12.175,53.0,,0.0,0.0,0.0,,0.0,,0.0,0.0,,0.0,,0,-0.7349999999999994,-1.5299999999999994,8257.0,4.0
D:\ContainerLiveMigration\tests\testläufe\messungen_daten\runs\batches\20260511_071211_postcopy_wrk1_0d71f4\runs\0024,0024,24,20260511_072934_postcopy_24_08c50c,postcopy,wrk1,ok,2026-05-11T07:29:34Z,2026-05-11T07:30:19Z,,True,True,False,20260511_071211_postcopy_wrk1_0d71f4,/mnt/criu/runs/batches/20260511_071211_postcopy_wrk1_0d71f4,True,D:\ContainerLiveMigration\tests\testläufe\messungen_daten\runs\batches\20260511_071211_postcopy_wrk1_0d71f4\runs\0024\summary.json,,False,,,1778484604182.0,1778484604182.0,events(offset_corrected),12407.0,3448.0,9613.0,3.0,14068.0,1164.0,1164.0,1210.0,55.0,50.0,6011.0,1199.0,201.0,183.0,122.0,24.0,0.0,0.0,200.0,183.0,199.0,158.0,1.0,25.0,1778484604756.0,1778484605920.0,,2309.0,,,2867.0,1823.0,,,,,5178.0,,,,4026.0,2354.0,904.0,3703.0,4255.0,40.0,40.0,False,0.0,3.0,200.0,A,False,shared,0.0,1.0,3.0,200.0,10000.0,2.0,1.0,0.0,400.0,9.56,11.337,10.47,11.18,11.74,12.952,52.0,,0.0,0.0,0.0,,0.0,,0.0,0.0,,0.0,,0,0.9100000000000001,-0.15700000000000003,8403.0,-46.0
D:\ContainerLiveMigration\tests\testläufe\messungen_daten\runs\batches\20260511_071211_postcopy_wrk1_0d71f4\runs\0025,0025,25,20260511_073020_postcopy_25_c82699,postcopy,wrk1,ok,2026-05-11T07:30:20Z,2026-05-11T07:31:04Z,,True,True,False,20260511_071211_postcopy_wrk1_0d71f4,/mnt/criu/runs/batches/20260511_071211_postcopy_wrk1_0d71f4,True,D:\ContainerLiveMigration\tests\testläufe\messungen_daten\runs\batches\20260511_071211_postcopy_wrk1_0d71f4\runs\0025\summary.json,,False,,,1778484650517.0,1778484650517.0,events(offset_corrected),12346.0,3352.0,9565.0,2.0,13963.0,1163.0,1163.0,1160.0,54.0,50.0,6102.0,1150.0,201.0,166.0,123.0,24.0,0.0,0.0,200.0,166.0,199.0,142.0,1.0,24.0,1778484651090.0,1778484652253.0,,2150.0,,,3202.0,1909.0,,,,,4818.0,,,,3627.0,2299.0,938.0,2912.0,3488.0,40.0,40.0,False,0.0,3.0,200.0,A,False,shared,0.0,1.0,3.0,200.0,10000.0,2.0,1.0,0.0,400.0,11.44,11.724,10.605,11.152,12.18,13.023,53.0,,0.0,0.0,0.0,,0.0,,0.0,0.0,,0.0,,0,-0.8349999999999991,-0.572000000000001,8405.0,3.0
D:\ContainerLiveMigration\tests\testläufe\messungen_daten\runs\batches\20260511_071211_postcopy_wrk1_0d71f4\runs\0026,0026,26,20260511_073106_postcopy_26_13a95e,postcopy,wrk1,ok,2026-05-11T07:31:06Z,2026-05-11T07:31:48Z,,True,True,False,20260511_071211_postcopy_wrk1_0d71f4,/mnt/criu/runs/batches/20260511_071211_postcopy_wrk1_0d71f4,True,D:\ContainerLiveMigration\tests\testläufe\messungen_daten\runs\batches\20260511_071211_postcopy_wrk1_0d71f4\runs\0026\summary.json,,False,,,1778484694321.0,1778484694321.0,events(offset_corrected),11394.0,2802.0,9130.0,2.0,13012.0,1162.0,1162.0,1211.0,52.0,49.0,6604.0,1200.0,200.0,164.0,133.0,24.0,0.0,0.0,200.0,163.0,199.0,138.0,1.0,25.0,1778484694862.0,1778484696024.0,,1996.0,,,2858.0,1957.0,,,,,4571.0,,,,3648.0,2045.0,750.0,2757.0,3349.0,40.0,40.0,False,0.0,3.0,200.0,A,False,shared,0.0,1.0,3.0,200.0,10000.0,2.0,1.0,0.0,400.0,10.5,11.994,7.96,8.67,9.38,10.42,48.0,,0.0,0.0,0.0,,0.0,,0.0,0.0,,0.0,,0,-2.54,-3.324,7919.0,-49.0
D:\ContainerLiveMigration\tests\testläufe\messungen_daten\runs\batches\20260511_071211_postcopy_wrk1_0d71f4\runs\0027,0027,27,20260511_073150_postcopy_27_c7d6e6,postcopy,wrk1,ok,2026-05-11T07:31:50Z,2026-05-11T07:32:34Z,,True,True,False,20260511_071211_postcopy_wrk1_0d71f4,/mnt/criu/runs/batches/20260511_071211_postcopy_wrk1_0d71f4,True,D:\ContainerLiveMigration\tests\testläufe\messungen_daten\runs\batches\20260511_071211_postcopy_wrk1_0d71f4\runs\0027\summary.json,,False,,,1778484740382.0,1778484740382.0,events(offset_corrected),13054.0,4101.0,9632.0,2.0,14773.0,1264.0,1264.0,1259.0,45.0,50.0,5303.0,1249.0,200.0,165.0,107.0,26.0,0.0,0.0,200.0,164.0,198.0,138.0,2.0,26.0,1778484740913.0,1778484742177.0,,2207.0,,,2860.0,1897.0,,,,,5871.0,,,,4709.0,3099.0,925.0,2885.0,3473.0,40.0,40.0,False,0.0,3.0,200.0,A,False,shared,0.0,1.0,3.0,200.0,10000.0,2.0,1.0,0.0,400.0,10.59,11.384,8.38,9.012,10.45,11.392,52.0,,0.0,0.0,0.0,,0.0,,0.0,0.0,,0.0,,0,-2.209999999999999,-2.372,8373.0,5.0
D:\ContainerLiveMigration\tests\testläufe\messungen_daten\runs\batches\20260511_071211_postcopy_wrk1_0d71f4\runs\0028,0028,28,20260511_073236_postcopy_28_271b07,postcopy,wrk1,ok,2026-05-11T07:32:36Z,2026-05-11T07:33:20Z,,True,True,False,20260511_071211_postcopy_wrk1_0d71f4,/mnt/criu/runs/batches/20260511_071211_postcopy_wrk1_0d71f4,True,D:\ContainerLiveMigration\tests\testläufe\messungen_daten\runs\batches\20260511_071211_postcopy_wrk1_0d71f4\runs\0028\summary.json,,False,,,1778484786564.0,1778484786564.0,events(offset_corrected),12647.0,3501.0,9983.0,4.0,14368.0,1262.0,1262.0,1211.0,51.0,0.0,5952.0,1201.0,201.0,163.0,121.0,27.0,0.0,0.0,200.0,163.0,199.0,138.0,1.0,25.0,1778484787084.0,1778484788346.0,,2157.0,,,3114.0,1802.0,,,,,5349.0,,,,4201.0,2364.0,927.0,2780.0,3395.0,40.0,40.0,False,0.0,3.0,200.0,A,False,shared,0.0,1.0,3.0,200.0,10000.0,2.0,1.0,0.0,400.0,9.57,11.075,10.955,11.195,11.675,12.581,53.0,,0.0,0.0,0.0,,0.0,,0.0,0.0,,0.0,,0,1.3849999999999998,0.120000000000001,8772.0,51.0
D:\ContainerLiveMigration\tests\testläufe\messungen_daten\runs\batches\20260511_071211_postcopy_wrk1_0d71f4\runs\0029,0029,29,20260511_073322_postcopy_29_500ce7,postcopy,wrk1,ok,2026-05-11T07:33:22Z,2026-05-11T07:34:05Z,,True,True,False,20260511_071211_postcopy_wrk1_0d71f4,/mnt/criu/runs/batches/20260511_071211_postcopy_wrk1_0d71f4,True,D:\ContainerLiveMigration\tests\testläufe\messungen_daten\runs\batches\20260511_071211_postcopy_wrk1_0d71f4\runs\0029\summary.json,,False,,,1778484831853.0,1778484831853.0,events(offset_corrected),12559.0,3350.0,9838.0,2.0,14216.0,1212.0,1212.0,1210.0,55.0,47.0,6108.0,1199.0,200.0,163.0,123.0,25.0,0.0,0.0,200.0,163.0,200.0,138.0,0.0,25.0,1778484832397.0,1778484833609.0,,2229.0,,,3030.0,1919.0,,,,,5129.0,,,,3994.0,2350.0,915.0,2795.0,3382.0,40.0,40.0,False,0.0,3.0,200.0,A,False,shared,0.0,1.0,3.0,200.0,10000.0,2.0,1.0,0.0,400.0,9.46,11.421,9.895,10.624,11.17,11.903,50.0,,0.0,0.0,0.0,,0.0,,0.0,0.0,,0.0,,0,0.4349999999999987,-0.7969999999999988,8628.0,2.0
D:\ContainerLiveMigration\tests\testläufe\messungen_daten\runs\batches\20260511_071211_postcopy_wrk1_0d71f4\runs\0030,0030,30,20260511_073407_postcopy_30_800cbc,postcopy,wrk1,ok,2026-05-11T07:34:07Z,2026-05-11T07:34:51Z,,True,True,False,20260511_071211_postcopy_wrk1_0d71f4,/mnt/criu/runs/batches/20260511_071211_postcopy_wrk1_0d71f4,True,D:\ContainerLiveMigration\tests\testläufe\messungen_daten\runs\batches\20260511_071211_postcopy_wrk1_0d71f4\runs\0030\summary.json,,False,,,1778484877761.0,1778484877761.0,events(offset_corrected),12347.0,3451.0,9518.0,3.0,13963.0,1163.0,1163.0,1210.0,50.0,52.0,6051.0,1200.0,201.0,166.0,123.0,24.0,0.0,0.0,200.0,165.0,200.0,140.0,0.0,25.0,1778484878315.0,1778484879478.0,,2080.0,,,3200.0,1872.0,,,,,5149.0,,,,3974.0,2364.0,952.0,2861.0,3425.0,40.0,40.0,False,0.0,3.0,200.0,A,False,shared,0.0,1.0,3.0,200.0,10000.0,2.0,1.0,0.0,400.0,10.7,11.342,11.27,11.57,12.57,13.086,53.0,,0.0,0.0,0.0,,0.0,,0.0,0.0,,0.0,,0,0.5700000000000003,0.22799999999999976,8308.0,-47.0
D:\ContainerLiveMigration\tests\testläufe\messungen_daten\runs\batches\20260511_071211_postcopy_wrk1_0d71f4\runs\0031,0031,31,20260511_073453_postcopy_31_f3909b,postcopy,wrk1,ok,2026-05-11T07:34:53Z,2026-05-11T07:35:37Z,,True,True,False,20260511_071211_postcopy_wrk1_0d71f4,/mnt/criu/runs/batches/20260511_071211_postcopy_wrk1_0d71f4,True,D:\ContainerLiveMigration\tests\testläufe\messungen_daten\runs\batches\20260511_071211_postcopy_wrk1_0d71f4\runs\0031\summary.json,,False,,,1778484923204.0,1778484923204.0,events(offset_corrected),12560.0,3201.0,10608.0,2.0,14762.0,1812.0,1812.0,1861.0,51.0,51.0,6306.0,1850.0,201.0,176.0,127.0,37.0,0.0,0.0,200.0,176.0,200.0,138.0,0.0,38.0,1778484923718.0,1778484925530.0,,2366.0,,,3183.0,1962.0,,,,,4754.0,,,,3698.0,2204.0,848.0,3483.0,3979.0,40.0,40.0,False,0.0,3.0,200.0,A,False,shared,0.0,1.0,3.0,200.0,10000.0,2.0,1.0,0.0,400.0,11.05,11.93,6.71,8.231,9.98,11.191,53.0,,0.0,0.0,0.0,,0.0,,0.0,0.0,,0.0,,0,-4.340000000000001,-3.699,8747.0,-49.0
D:\ContainerLiveMigration\tests\testläufe\messungen_daten\runs\batches\20260511_071211_postcopy_wrk1_0d71f4\runs\0032,0032,32,20260511_073539_postcopy_32_550b78,postcopy,wrk1,ok,2026-05-11T07:35:39Z,2026-05-11T07:36:22Z,,True,True,False,20260511_071211_postcopy_wrk1_0d71f4,/mnt/criu/runs/batches/20260511_071211_postcopy_wrk1_0d71f4,True,D:\ContainerLiveMigration\tests\testläufe\messungen_daten\runs\batches\20260511_071211_postcopy_wrk1_0d71f4\runs\0032\summary.json,,False,,,1778484968997.0,1778484968997.0,events(offset_corrected),12838.0,3451.0,9959.0,3.0,14513.0,1213.0,1213.0,1260.0,46.0,52.0,5954.0,1250.0,200.0,162.0,121.0,25.0,0.0,0.0,200.0,161.0,200.0,135.0,0.0,26.0,1778484969573.0,1778484970786.0,,2336.0,,,3140.0,2072.0,,,,,5250.0,,,,4067.0,2325.0,945.0,2720.0,3293.0,40.0,40.0,False,0.0,3.0,200.0,A,False,shared,0.0,1.0,3.0,200.0,10000.0,2.0,1.0,0.0,400.0,10.35,11.522,10.065,10.682,11.54,12.441,51.0,,0.0,0.0,0.0,,0.0,,0.0,0.0,,0.0,,0,-0.28500000000000014,-0.8399999999999999,8699.0,-47.0
D:\ContainerLiveMigration\tests\testläufe\messungen_daten\runs\batches\20260511_071211_postcopy_wrk1_0d71f4\runs\0033,0033,33,20260511_073624_postcopy_33_a02435,postcopy,wrk1,ok,2026-05-11T07:36:24Z,2026-05-11T07:37:07Z,,True,True,False,20260511_071211_postcopy_wrk1_0d71f4,/mnt/criu/runs/batches/20260511_071211_postcopy_wrk1_0d71f4,True,D:\ContainerLiveMigration\tests\testläufe\messungen_daten\runs\batches\20260511_071211_postcopy_wrk1_0d71f4\runs\0033\summary.json,,False,,,1778485014069.0,1778485014069.0,events(offset_corrected),12201.0,3301.0,9616.0,3.0,13865.0,1214.0,1214.0,1210.0,48.0,49.0,6252.0,1200.0,201.0,162.0,127.0,25.0,0.0,0.0,200.0,162.0,199.0,137.0,1.0,25.0,1778485014625.0,1778485015839.0,,2248.0,,,3028.0,1755.0,,,,,4903.0,,,,3803.0,2278.0,899.0,2819.0,3379.0,40.0,40.0,False,0.0,3.0,200.0,A,False,shared,0.0,1.0,3.0,200.0,10000.0,2.0,1.0,0.0,400.0,10.92,11.845,9.96,10.992,12.17,13.583,50.0,,0.0,0.0,0.0,,0.0,,0.0,0.0,,0.0,,0,-0.9599999999999991,-0.8529999999999998,8406.0,4.0
D:\ContainerLiveMigration\tests\testläufe\messungen_daten\runs\batches\20260511_071211_postcopy_wrk1_0d71f4\runs\0034,0034,34,20260511_073709_postcopy_34_bcf893,postcopy,wrk1,ok,2026-05-11T07:37:09Z,2026-05-11T07:37:54Z,,True,True,False,20260511_071211_postcopy_wrk1_0d71f4,/mnt/criu/runs/batches/20260511_071211_postcopy_wrk1_0d71f4,True,D:\ContainerLiveMigration\tests\testläufe\messungen_daten\runs\batches\20260511_071211_postcopy_wrk1_0d71f4\runs\0034\summary.json,,False,,,1778485060220.0,1778485060220.0,events(offset_corrected),12896.0,3301.0,10190.0,2.0,14516.0,1163.0,1163.0,1160.0,67.0,51.0,6203.0,1149.0,201.0,164.0,125.0,24.0,0.0,0.0,200.0,164.0,198.0,140.0,2.0,24.0,1778485060777.0,1778485061940.0,,2351.0,,,3328.0,1935.0,,,,,5051.0,,,,3950.0,2358.0,896.0,2805.0,3374.0,40.0,40.0,False,0.0,3.0,200.0,A,False,shared,0.0,1.0,3.0,200.0,10000.0,2.0,1.0,0.0,400.0,10.29,11.234,8.13,9.561,10.96,11.904,53.0,,0.0,0.0,0.0,,0.0,,0.0,0.0,,0.0,,0,-2.1599999999999984,-1.673,9030.0,3.0
D:\ContainerLiveMigration\tests\testläufe\messungen_daten\runs\batches\20260511_071211_postcopy_wrk1_0d71f4\runs\0035,0035,35,20260511_073755_postcopy_35_6ff026,postcopy,wrk1,ok,2026-05-11T07:37:56Z,2026-05-11T07:38:39Z,,True,True,False,20260511_071211_postcopy_wrk1_0d71f4,/mnt/criu/runs/batches/20260511_071211_postcopy_wrk1_0d71f4,True,D:\ContainerLiveMigration\tests\testläufe\messungen_daten\runs\batches\20260511_071211_postcopy_wrk1_0d71f4\runs\0035\summary.json,,False,,,1778485105426.0,1778485105426.0,events(offset_corrected),12582.0,3451.0,10497.0,3.0,14912.0,1862.0,1862.0,1860.0,45.0,50.0,6103.0,1850.0,201.0,171.0,124.0,38.0,0.0,0.0,200.0,171.0,199.0,133.0,1.0,38.0,1778485105986.0,1778485107848.0,,2157.0,,,3063.0,1925.0,,,,,5187.0,,,,3998.0,2331.0,959.0,3425.0,3818.0,40.0,40.0,False,0.0,3.0,200.0,A,False,shared,0.0,1.0,3.0,200.0,10000.0,2.0,1.0,0.0,400.0,9.69,11.06,6.83,8.786,9.28,10.682,51.0,,0.0,0.0,0.0,,0.0,,0.0,0.0,,0.0,,0,-2.8599999999999994,-2.274000000000001,8637.0,2.0
D:\ContainerLiveMigration\tests\testläufe\messungen_daten\runs\batches\20260511_071211_postcopy_wrk1_0d71f4\runs\0036,0036,36,20260511_073841_postcopy_36_828bb9,postcopy,wrk1,ok,2026-05-11T07:38:41Z,2026-05-11T07:39:24Z,,True,True,False,20260511_071211_postcopy_wrk1_0d71f4,/mnt/criu/runs/batches/20260511_071211_postcopy_wrk1_0d71f4,True,D:\ContainerLiveMigration\tests\testläufe\messungen_daten\runs\batches\20260511_071211_postcopy_wrk1_0d71f4\runs\0036\summary.json,,False,,,1778485150890.0,1778485150890.0,events(offset_corrected),12751.0,3301.0,9936.0,2.0,14418.0,1162.0,1162.0,1160.0,55.0,48.0,6062.0,1150.0,200.0,166.0,122.0,24.0,0.0,0.0,200.0,165.0,200.0,141.0,0.0,24.0,1778485151480.0,1778485152642.0,,2279.0,,,3123.0,2077.0,,,,,5049.0,,,,3963.0,2307.0,862.0,2860.0,3428.0,40.0,40.0,False,0.0,3.0,200.0,A,False,shared,0.0,1.0,3.0,200.0,10000.0,2.0,1.0,0.0,400.0,9.47,10.813,8.875,10.038,10.635,11.558,51.0,,0.0,0.0,0.0,,0.0,,0.0,0.0,,0.0,,0,-0.5950000000000006,-0.7750000000000004,8776.0,2.0
D:\ContainerLiveMigration\tests\testläufe\messungen_daten\runs\batches\20260511_071211_postcopy_wrk1_0d71f4\runs\0037,0037,37,20260511_073926_postcopy_37_34bde2,postcopy,wrk1,ok,2026-05-11T07:39:26Z,2026-05-11T07:40:10Z,,True,True,False,20260511_071211_postcopy_wrk1_0d71f4,/mnt/criu/runs/batches/20260511_071211_postcopy_wrk1_0d71f4,True,D:\ContainerLiveMigration\tests\testläufe\messungen_daten\runs\batches\20260511_071211_postcopy_wrk1_0d71f4\runs\0037\summary.json,,False,,,1778485196320.0,1778485196320.0,events(offset_corrected),12470.0,3351.0,9833.0,2.0,14164.0,1262.0,1262.0,1260.0,38.0,52.0,6205.0,1250.0,201.0,165.0,125.0,26.0,0.0,0.0,200.0,164.0,199.0,138.0,1.0,26.0,1778485196879.0,1778485198141.0,,2213.0,,,3210.0,1898.0,,,,,4847.0,,,,3677.0,2286.0,951.0,2890.0,3467.0,40.0,40.0,False,0.0,3.0,200.0,A,False,shared,0.0,1.0,3.0,200.0,10000.0,2.0,1.0,0.0,400.0,9.93,10.661,5.85,7.587,8.39,10.094,51.0,,0.0,0.0,0.0,,0.0,,0.0,0.0,,0.0,,0,-4.08,-3.074,8573.0,2.0
D:\ContainerLiveMigration\tests\testläufe\messungen_daten\runs\batches\20260511_071211_postcopy_wrk1_0d71f4\runs\0038,0038,38,20260511_074011_postcopy_38_a51ae6,postcopy,wrk1,ok,2026-05-11T07:40:11Z,2026-05-11T07:40:55Z,,True,True,False,20260511_071211_postcopy_wrk1_0d71f4,/mnt/criu/runs/batches/20260511_071211_postcopy_wrk1_0d71f4,True,D:\ContainerLiveMigration\tests\testläufe\messungen_daten\runs\batches\20260511_071211_postcopy_wrk1_0d71f4\runs\0038\summary.json,,False,,,1778485240987.0,1778485240987.0,events(offset_corrected),12409.0,3502.0,9992.0,4.0,15730.0,1312.0,1312.0,1260.0,63.0,51.0,6301.0,1250.0,201.0,167.0,128.0,28.0,0.0,0.0,200.0,168.0,199.0,142.0,1.0,26.0,1778485241558.0,1778485242870.0,,2203.0,,,2988.0,2729.0,,,,,4236.0,,,,3118.0,2392.0,909.0,3038.0,3621.0,40.0,40.0,False,0.0,3.0,200.0,A,False,shared,0.0,1.0,3.0,200.0,10000.0,2.0,1.0,0.0,400.0,6.37,7.275,11.66,11.853,10.71,11.894,51.0,,0.0,0.0,0.0,,0.0,,0.0,0.0,,0.0,,0,5.29,4.577999999999999,8732.0,52.0
D:\ContainerLiveMigration\tests\testläufe\messungen_daten\runs\batches\20260511_071211_postcopy_wrk1_0d71f4\runs\0039,0039,39,20260511_074056_postcopy_39_c38361,postcopy,wrk1,ok,2026-05-11T07:40:56Z,2026-05-11T07:41:40Z,,True,True,False,20260511_071211_postcopy_wrk1_0d71f4,/mnt/criu/runs/batches/20260511_071211_postcopy_wrk1_0d71f4,True,D:\ContainerLiveMigration\tests\testläufe\messungen_daten\runs\batches\20260511_071211_postcopy_wrk1_0d71f4\runs\0039\summary.json,,False,,,1778485286713.0,1778485286713.0,events(offset_corrected),12799.0,3350.0,10208.0,2.0,14567.0,1317.0,1317.0,1261.0,46.0,52.0,6151.0,1250.0,201.0,168.0,124.0,27.0,0.0,0.0,200.0,167.0,200.0,141.0,0.0,26.0,1778485287268.0,1778485288585.0,,2193.0,,,3500.0,1981.0,,,,,4869.0,,,,3719.0,2327.0,913.0,2987.0,3593.0,40.0,40.0,False,0.0,3.0,200.0,A,False,shared,0.0,1.0,3.0,200.0,10000.0,2.0,1.0,0.0,400.0,10.125,11.043,11.04,11.082,12.35,12.801,52.0,,0.0,0.0,0.0,,0.0,,0.0,0.0,,0.0,,0,0.9149999999999991,0.03900000000000148,8947.0,56.0
D:\ContainerLiveMigration\tests\testläufe\messungen_daten\runs\batches\20260511_071211_postcopy_wrk1_0d71f4\runs\0040,0040,40,20260511_074142_postcopy_40_b339ab,postcopy,wrk1,ok,2026-05-11T07:41:42Z,2026-05-11T07:42:27Z,,True,True,False,20260511_071211_postcopy_wrk1_0d71f4,/mnt/criu/runs/batches/20260511_071211_postcopy_wrk1_0d71f4,True,D:\ContainerLiveMigration\tests\testläufe\messungen_daten\runs\batches\20260511_071211_postcopy_wrk1_0d71f4\runs\0040\summary.json,,False,,,1778485333028.0,1778485333028.0,events(offset_corrected),12448.0,3500.0,9594.0,2.0,14114.0,1215.0,1215.0,1210.0,53.0,50.0,6001.0,1200.0,201.0,165.0,121.0,25.0,0.0,0.0,200.0,164.0,199.0,139.0,1.0,25.0,1778485333578.0,1778485334793.0,,2138.0,,,3132.0,1944.0,,,,,5211.0,,,,4084.0,2405.0,912.0,2883.0,3445.0,40.0,40.0,False,0.0,3.0,200.0,A,False,shared,0.0,1.0,3.0,200.0,10000.0,2.0,1.0,0.0,400.0,10.84,11.408,10.92,11.213,12.43,13.416,52.0,,0.0,0.0,0.0,,0.0,,0.0,0.0,,0.0,,0,0.08000000000000007,-0.19500000000000028,8384.0,5.0
D:\ContainerLiveMigration\tests\testläufe\messungen_daten\runs\batches\20260511_071211_postcopy_wrk1_0d71f4\runs\0041,0041,41,20260511_074228_postcopy_41_04e2b3,postcopy,wrk1,ok,2026-05-11T07:42:28Z,2026-05-11T07:43:12Z,,True,True,False,20260511_071211_postcopy_wrk1_0d71f4,/mnt/criu/runs/batches/20260511_071211_postcopy_wrk1_0d71f4,True,D:\ContainerLiveMigration\tests\testläufe\messungen_daten\runs\batches\20260511_071211_postcopy_wrk1_0d71f4\runs\0041\summary.json,,False,,,1778485378431.0,1778485378431.0,events(offset_corrected),12266.0,3435.0,9380.0,4.0,13905.0,1212.0,1212.0,1211.0,45.0,50.0,5952.0,1201.0,201.0,164.0,122.0,25.0,0.0,0.0,200.0,163.0,199.0,138.0,1.0,25.0,1778485378984.0,1778485380196.0,,2095.0,,,2920.0,1772.0,,,,,5203.0,,,,4068.0,2348.0,931.0,2839.0,3415.0,40.0,40.0,False,0.0,3.0,200.0,A,False,shared,0.0,1.0,3.0,200.0,10000.0,2.0,1.0,0.0,400.0,10.81,12.067,8.23,9.534,11.12,12.196,51.0,,0.0,0.0,0.0,,0.0,,0.0,0.0,,0.0,,0,-2.58,-2.5329999999999995,8169.0,1.0
D:\ContainerLiveMigration\tests\testläufe\messungen_daten\runs\batches\20260511_071211_postcopy_wrk1_0d71f4\runs\0042,0042,42,20260511_074314_postcopy_42_c26c32,postcopy,wrk1,ok,2026-05-11T07:43:14Z,2026-05-11T07:43:57Z,,True,True,False,20260511_071211_postcopy_wrk1_0d71f4,/mnt/criu/runs/batches/20260511_071211_postcopy_wrk1_0d71f4,True,D:\ContainerLiveMigration\tests\testläufe\messungen_daten\runs\batches\20260511_071211_postcopy_wrk1_0d71f4\runs\0042\summary.json,,False,,,1778485422863.0,1778485422863.0,events(offset_corrected),12042.0,3200.0,10050.0,2.0,14327.0,1822.0,1822.0,1811.0,54.0,52.0,6205.0,1800.0,200.0,176.0,125.0,37.0,0.0,0.0,200.0,175.0,200.0,138.0,0.0,37.0,1778485423417.0,1778485425239.0,,2215.0,,,3015.0,1815.0,,,,,4988.0,,,,3856.0,2208.0,925.0,3375.0,3964.0,40.0,40.0,False,0.0,3.0,200.0,A,False,shared,0.0,1.0,3.0,200.0,10000.0,2.0,1.0,0.0,400.0,10.26,11.232,8.97,9.776,10.655,12.246,51.0,,0.0,0.0,0.0,,0.0,,0.0,0.0,,0.0,,0,-1.2899999999999991,-1.4559999999999995,8239.0,11.0
D:\ContainerLiveMigration\tests\testläufe\messungen_daten\runs\batches\20260511_071211_postcopy_wrk1_0d71f4\runs\0043,0043,43,20260511_074358_postcopy_43_ef6ebc,postcopy,wrk1,ok,2026-05-11T07:43:58Z,2026-05-11T07:44:42Z,,True,True,False,20260511_071211_postcopy_wrk1_0d71f4,/mnt/criu/runs/batches/20260511_071211_postcopy_wrk1_0d71f4,True,D:\ContainerLiveMigration\tests\testläufe\messungen_daten\runs\batches\20260511_071211_postcopy_wrk1_0d71f4\runs\0043\summary.json,,False,,,1778485468651.0,1778485468651.0,events(offset_corrected),12995.0,3249.0,10213.0,2.0,14615.0,1164.0,1164.0,1160.0,53.0,50.0,6101.0,1150.0,201.0,164.0,123.0,24.0,0.0,0.0,200.0,164.0,199.0,140.0,1.0,24.0,1778485469218.0,1778485470382.0,,2343.0,,,3318.0,1924.0,,,,,5125.0,,,,3995.0,2272.0,898.0,2869.0,3459.0,40.0,40.0,False,0.0,3.0,200.0,A,False,shared,0.0,1.0,3.0,200.0,10000.0,2.0,1.0,0.0,400.0,10.45,11.599,10.145,10.999,11.48,12.557,51.0,,0.0,0.0,0.0,,0.0,,0.0,0.0,,0.0,,0,-0.3049999999999997,-0.5999999999999996,9053.0,4.0
D:\ContainerLiveMigration\tests\testläufe\messungen_daten\runs\batches\20260511_071211_postcopy_wrk1_0d71f4\runs\0044,0044,44,20260511_074444_postcopy_44_7bd850,postcopy,wrk1,ok,2026-05-11T07:44:44Z,2026-05-11T07:45:28Z,,True,True,False,20260511_071211_postcopy_wrk1_0d71f4,/mnt/criu/runs/batches/20260511_071211_postcopy_wrk1_0d71f4,True,D:\ContainerLiveMigration\tests\testläufe\messungen_daten\runs\batches\20260511_071211_postcopy_wrk1_0d71f4\runs\0044\summary.json,,False,,,1778485513949.0,1778485513949.0,events(offset_corrected),11896.0,3550.0,9007.0,2.0,13621.0,1268.0,1268.0,1314.0,34.0,51.0,5858.0,1300.0,200.0,166.0,118.0,26.0,0.0,0.0,200.0,166.0,199.0,139.0,1.0,27.0,1778485514484.0,1778485515752.0,,2106.0,,,2837.0,1889.0,,,,,5057.0,,,,3950.0,2482.0,897.0,2978.0,3580.0,40.0,40.0,False,0.0,3.0,200.0,A,False,shared,0.0,1.0,3.0,200.0,10000.0,2.0,1.0,0.0,400.0,10.1,11.646,8.99,10.182,11.7,13.029,50.0,,0.0,0.0,0.0,,0.0,,0.0,0.0,,0.0,,0,-1.1099999999999994,-1.4640000000000004,7693.0,-46.0
D:\ContainerLiveMigration\tests\testläufe\messungen_daten\runs\batches\20260511_071211_postcopy_wrk1_0d71f4\runs\0045,0045,45,20260511_074529_postcopy_45_4997a7,postcopy,wrk1,ok,2026-05-11T07:45:29Z,2026-05-11T07:46:13Z,,True,True,False,20260511_071211_postcopy_wrk1_0d71f4,/mnt/criu/runs/batches/20260511_071211_postcopy_wrk1_0d71f4,True,D:\ContainerLiveMigration\tests\testläufe\messungen_daten\runs\batches\20260511_071211_postcopy_wrk1_0d71f4\runs\0045\summary.json,,False,,,1778485559790.0,1778485559790.0,events(offset_corrected),12395.0,3400.0,9634.0,3.0,14062.0,1212.0,1212.0,1209.0,42.0,50.0,6052.0,1199.0,201.0,154.0,123.0,25.0,0.0,0.0,200.0,153.0,199.0,128.0,1.0,25.0,1778485560351.0,1778485561563.0,,2189.0,,,3093.0,1822.0,,,,,5205.0,,,,4104.0,2356.0,891.0,2785.0,3282.0,40.0,40.0,False,0.0,3.0,200.0,A,False,shared,0.0,1.0,3.0,200.0,10000.0,2.0,1.0,0.0,400.0,10.67,11.835,5.04,7.432,8.875,10.198,51.0,,0.0,0.0,0.0,,0.0,,0.0,0.0,,0.0,,0,-5.63,-4.4030000000000005,8425.0,3.0
D:\ContainerLiveMigration\tests\testläufe\messungen_daten\runs\batches\20260511_071211_postcopy_wrk1_0d71f4\runs\0046,0046,46,20260511_074615_postcopy_46_c300b0,postcopy,wrk1,ok,2026-05-11T07:46:15Z,2026-05-11T07:46:59Z,,True,True,False,20260511_071211_postcopy_wrk1_0d71f4,/mnt/criu/runs/batches/20260511_071211_postcopy_wrk1_0d71f4,True,D:\ContainerLiveMigration\tests\testläufe\messungen_daten\runs\batches\20260511_071211_postcopy_wrk1_0d71f4\runs\0046\summary.json,,False,,,1778485604195.0,1778485604195.0,events(offset_corrected),12059.0,3349.0,9484.0,2.0,13867.0,1314.0,1314.0,1261.0,38.0,49.0,6108.0,1250.0,200.0,185.0,123.0,27.0,0.0,0.0,200.0,185.0,198.0,159.0,2.0,26.0,1778485604743.0,1778485606057.0,,2064.0,,,3214.0,1991.0,,,,,4786.0,,,,3616.0,2324.0,960.0,3786.0,4439.0,40.0,40.0,False,0.0,3.0,200.0,A,False,shared,0.0,1.0,3.0,200.0,10000.0,2.0,1.0,0.0,400.0,10.17,11.101,10.555,11.467,11.62,12.636,52.0,,0.0,0.0,0.0,,0.0,,0.0,0.0,,0.0,,0,0.3849999999999998,0.36599999999999966,8223.0,53.0
D:\ContainerLiveMigration\tests\testläufe\messungen_daten\runs\batches\20260511_071211_postcopy_wrk1_0d71f4\runs\0047,0047,47,20260511_074700_postcopy_47_0359ab,postcopy,wrk1,ok,2026-05-11T07:47:00Z,2026-05-11T07:47:43Z,,True,True,False,20260511_071211_postcopy_wrk1_0d71f4,/mnt/criu/runs/batches/20260511_071211_postcopy_wrk1_0d71f4,True,D:\ContainerLiveMigration\tests\testläufe\messungen_daten\runs\batches\20260511_071211_postcopy_wrk1_0d71f4\runs\0047\summary.json,,False,,,1778485650026.0,1778485650026.0,events(offset_corrected),11700.0,3399.0,9014.0,3.0,13367.0,1212.0,1212.0,1211.0,50.0,56.0,6155.0,1200.0,201.0,165.0,125.0,25.0,0.0,0.0,200.0,164.0,198.0,139.0,2.0,25.0,1778485650585.0,1778485651797.0,,2134.0,,,2898.0,1840.0,,,,,4787.0,,,,3644.0,2373.0,913.0,2849.0,3449.0,40.0,40.0,False,0.0,3.0,200.0,A,False,shared,0.0,1.0,3.0,200.0,10000.0,2.0,1.0,0.0,400.0,10.415,11.26,10.67,11.246,11.575,12.244,52.0,,0.0,0.0,0.0,,0.0,,0.0,0.0,,0.0,,0,0.2550000000000008,-0.013999999999999346,7803.0,1.0
D:\ContainerLiveMigration\tests\testläufe\messungen_daten\runs\batches\20260511_071211_postcopy_wrk1_0d71f4\runs\0048,0048,48,20260511_074745_postcopy_48_ba9386,postcopy,wrk1,ok,2026-05-11T07:47:45Z,2026-05-11T07:48:28Z,,True,True,False,20260511_071211_postcopy_wrk1_0d71f4,/mnt/criu/runs/batches/20260511_071211_postcopy_wrk1_0d71f4,True,D:\ContainerLiveMigration\tests\testläufe\messungen_daten\runs\batches\20260511_071211_postcopy_wrk1_0d71f4\runs\0048\summary.json,,False,,,1778485694663.0,1778485694663.0,events(offset_corrected),12096.0,3351.0,9505.0,2.0,13822.0,1312.0,1312.0,1261.0,42.0,50.0,6160.0,1251.0,200.0,166.0,124.0,27.0,0.0,0.0,200.0,165.0,199.0,139.0,1.0,26.0,1778485695199.0,1778485696511.0,,2224.0,,,2877.0,1859.0,,,,,4844.0,,,,3724.0,2360.0,902.0,2944.0,3549.0,40.0,40.0,False,0.0,3.0,200.0,A,False,shared,0.0,1.0,3.0,200.0,10000.0,2.0,1.0,0.0,400.0,10.45,11.04,6.885,8.521,8.97,10.346,51.0,,0.0,0.0,0.0,,0.0,,0.0,0.0,,0.0,,0,-3.5649999999999995,-2.5189999999999984,8244.0,51.0
D:\ContainerLiveMigration\tests\testläufe\messungen_daten\runs\batches\20260511_071211_postcopy_wrk1_0d71f4\runs\0049,0049,49,20260511_074830_postcopy_49_acf807,postcopy,wrk1,ok,2026-05-11T07:48:30Z,2026-05-11T07:49:14Z,,True,True,False,20260511_071211_postcopy_wrk1_0d71f4,/mnt/criu/runs/batches/20260511_071211_postcopy_wrk1_0d71f4,True,D:\ContainerLiveMigration\tests\testläufe\messungen_daten\runs\batches\20260511_071211_postcopy_wrk1_0d71f4\runs\0049\summary.json,,False,,,1778485740586.0,1778485740586.0,events(offset_corrected),13252.0,3402.0,10602.0,2.0,15018.0,1317.0,1317.0,1311.0,54.0,49.0,6103.0,1300.0,201.0,168.0,123.0,27.0,0.0,0.0,200.0,168.0,199.0,141.0,1.0,27.0,1778485741138.0,1778485742455.0,,2372.0,,,3231.0,2827.0,,,,,4608.0,,,,3472.0,2379.0,908.0,3044.0,3610.0,40.0,40.0,False,0.0,3.0,200.0,A,False,shared,0.0,1.0,3.0,200.0,10000.0,2.0,1.0,0.0,400.0,9.445,10.738,9.98,10.583,10.97,11.735,52.0,,0.0,0.0,0.0,,0.0,,0.0,0.0,,0.0,,0,0.5350000000000001,-0.15499999999999936,9291.0,6.0
D:\ContainerLiveMigration\tests\testläufe\messungen_daten\runs\batches\20260511_071211_postcopy_wrk1_0d71f4\runs\0050,0050,50,20260511_074916_postcopy_50_3675ba,postcopy,wrk1,ok,2026-05-11T07:49:16Z,2026-05-11T07:49:59Z,,True,True,False,20260511_071211_postcopy_wrk1_0d71f4,/mnt/criu/runs/batches/20260511_071211_postcopy_wrk1_0d71f4,True,D:\ContainerLiveMigration\tests\testläufe\messungen_daten\runs\batches\20260511_071211_postcopy_wrk1_0d71f4\runs\0050\summary.json,,False,,,1778485785339.0,1778485785339.0,events(offset_corrected),12680.0,3394.0,9953.0,2.0,14414.0,1266.0,1266.0,1260.0,44.0,50.0,6010.0,1250.0,200.0,165.0,121.0,26.0,0.0,0.0,200.0,165.0,199.0,139.0,1.0,26.0,1778485785888.0,1778485787154.0,,2282.0,,,3044.0,1959.0,,,,,5145.0,,,,4054.0,2359.0,915.0,2949.0,3500.0,40.0,40.0,False,0.0,3.0,200.0,A,False,shared,0.0,1.0,3.0,200.0,10000.0,2.0,1.0,0.0,400.0,11.39,11.935,8.585,9.848,10.28,11.632,51.0,,0.0,0.0,0.0,,0.0,,0.0,0.0,,0.0,,0,-2.8049999999999997,-2.0869999999999997,8693.0,6.0
D:\ContainerLiveMigration\tests\testläufe\messungen_daten\runs\batches\20260511_071211_postcopy_wrk1_0d71f4\runs\0051,0051,51,20260511_075001_postcopy_51_52d9b4,postcopy,wrk1,ok,2026-05-11T07:50:01Z,2026-05-11T07:50:45Z,,True,True,False,20260511_071211_postcopy_wrk1_0d71f4,/mnt/criu/runs/batches/20260511_071211_postcopy_wrk1_0d71f4,True,D:\ContainerLiveMigration\tests\testläufe\messungen_daten\runs\batches\20260511_071211_postcopy_wrk1_0d71f4\runs\0051\summary.json,,False,,,1778485830688.0,1778485830688.0,events(offset_corrected),12461.0,3250.0,9857.0,2.0,14162.0,1262.0,1262.0,1261.0,44.0,50.0,6205.0,1250.0,201.0,168.0,125.0,26.0,0.0,0.0,200.0,168.0,200.0,142.0,0.0,26.0,1778485831242.0,1778485832504.0,,2235.0,,,3029.0,2044.0,,,,,4885.0,,,,3791.0,2267.0,909.0,3057.0,3605.0,40.0,40.0,False,0.0,3.0,200.0,A,False,shared,0.0,1.0,3.0,200.0,10000.0,2.0,1.0,0.0,400.0,9.57,11.079,9.1,10.037,11.07,12.03,51.0,,0.0,0.0,0.0,,0.0,,0.0,0.0,,0.0,,0,-0.47000000000000064,-1.0419999999999998,8596.0,1.0
D:\ContainerLiveMigration\tests\testläufe\messungen_daten\runs\batches\20260511_071211_postcopy_wrk1_0d71f4\runs\0052,0052,52,20260511_075046_postcopy_52_99bb01,postcopy,wrk1,ok,2026-05-11T07:50:46Z,2026-05-11T07:51:30Z,,True,True,False,20260511_071211_postcopy_wrk1_0d71f4,/mnt/criu/runs/batches/20260511_071211_postcopy_wrk1_0d71f4,True,D:\ContainerLiveMigration\tests\testläufe\messungen_daten\runs\batches\20260511_071211_postcopy_wrk1_0d71f4\runs\0052\summary.json,,False,,,1778485876774.0,1778485876774.0,events(offset_corrected),12249.0,3351.0,9590.0,2.0,13864.0,1164.0,1164.0,1211.0,45.0,52.0,6251.0,1200.0,201.0,163.0,126.0,24.0,0.0,0.0,200.0,163.0,199.0,138.0,1.0,25.0,1778485877334.0,1778485878498.0,,2251.0,,,3156.0,1885.0,,,,,4716.0,,,,3558.0,2259.0,940.0,2812.0,3363.0,40.0,40.0,False,0.0,3.0,200.0,A,False,shared,0.0,1.0,3.0,200.0,10000.0,2.0,1.0,0.0,400.0,10.185,11.599,10.335,11.032,11.155,12.152,53.0,,0.0,0.0,0.0,,0.0,,0.0,0.0,,0.0,,0,0.15000000000000036,-0.5670000000000002,8379.0,-47.0
D:\ContainerLiveMigration\tests\testläufe\messungen_daten\runs\batches\20260511_071211_postcopy_wrk1_0d71f4\runs\0053,0053,53,20260511_075132_postcopy_53_f07070,postcopy,wrk1,ok,2026-05-11T07:51:32Z,2026-05-11T07:52:16Z,,True,True,False,20260511_071211_postcopy_wrk1_0d71f4,/mnt/criu/runs/batches/20260511_071211_postcopy_wrk1_0d71f4,True,D:\ContainerLiveMigration\tests\testläufe\messungen_daten\runs\batches\20260511_071211_postcopy_wrk1_0d71f4\runs\0053\summary.json,,False,,,1778485921717.0,1778485921717.0,events(offset_corrected),12250.0,3351.0,10155.0,2.0,14531.0,1824.0,1824.0,1764.0,54.0,50.0,6109.0,1750.0,200.0,177.0,123.0,37.0,0.0,0.0,200.0,177.0,200.0,141.0,0.0,36.0,1778485922258.0,1778485924082.0,,2114.0,,,3096.0,1899.0,,,,,4866.0,,,,3746.0,2362.0,897.0,3422.0,4045.0,40.0,40.0,False,0.0,3.0,200.0,A,False,shared,0.0,1.0,3.0,200.0,10000.0,2.0,1.0,0.0,400.0,10.67,11.786,11.57,11.617,11.85,12.959,52.0,,0.0,0.0,0.0,,0.0,,0.0,0.0,,0.0,,0,0.9000000000000004,-0.1689999999999987,8391.0,60.0
D:\ContainerLiveMigration\tests\testläufe\messungen_daten\runs\batches\20260511_071211_postcopy_wrk1_0d71f4\runs\0054,0054,54,20260511_075217_postcopy_54_67c42f,postcopy,wrk1,ok,2026-05-11T07:52:17Z,2026-05-11T07:53:00Z,,True,True,False,20260511_071211_postcopy_wrk1_0d71f4,/mnt/criu/runs/batches/20260511_071211_postcopy_wrk1_0d71f4,True,D:\ContainerLiveMigration\tests\testläufe\messungen_daten\runs\batches\20260511_071211_postcopy_wrk1_0d71f4\runs\0054\summary.json,,False,,,1778485966867.0,1778485966867.0,events(offset_corrected),12051.0,3350.0,9487.0,2.0,13812.0,1313.0,1313.0,1311.0,61.0,50.0,6155.0,1300.0,200.0,168.0,124.0,27.0,0.0,0.0,200.0,168.0,200.0,141.0,0.0,27.0,1778485967411.0,1778485968724.0,,1891.0,,,3118.0,1946.0,,,,,5099.0,,,,3927.0,2271.0,931.0,3042.0,3600.0,40.0,40.0,False,0.0,3.0,200.0,A,False,shared,0.0,1.0,3.0,200.0,10000.0,2.0,1.0,0.0,400.0,10.28,11.222,11.41,11.476,12.61,13.561,50.0,,0.0,0.0,0.0,,0.0,,0.0,0.0,,0.0,,0,1.1300000000000008,0.25400000000000134,8176.0,2.0
D:\ContainerLiveMigration\tests\testläufe\messungen_daten\runs\batches\20260511_071211_postcopy_wrk1_0d71f4\runs\0055,0055,55,20260511_075302_postcopy_55_463810,postcopy,wrk1,ok,2026-05-11T07:53:02Z,2026-05-11T07:53:46Z,,True,True,False,20260511_071211_postcopy_wrk1_0d71f4,/mnt/criu/runs/batches/20260511_071211_postcopy_wrk1_0d71f4,True,D:\ContainerLiveMigration\tests\testläufe\messungen_daten\runs\batches\20260511_071211_postcopy_wrk1_0d71f4\runs\0055\summary.json,,False,,,1778486012925.0,1778486012925.0,events(offset_corrected),12705.0,3443.0,9915.0,3.0,14315.0,1215.0,1215.0,1210.0,59.0,55.0,6053.0,1200.0,200.0,163.0,123.0,25.0,0.0,0.0,200.0,162.0,200.0,137.0,0.0,25.0,1778486013450.0,1778486014665.0,,2314.0,,,3101.0,1853.0,,,,,5155.0,,,,4010.0,2297.0,910.0,2751.0,3332.0,40.0,40.0,False,0.0,3.0,200.0,A,False,shared,0.0,1.0,3.0,200.0,10000.0,2.0,1.0,0.0,400.0,10.73,11.395,9.26,10.265,11.05,11.922,50.0,,0.0,0.0,0.0,,0.0,,0.0,0.0,,0.0,,0,-1.4700000000000006,-1.129999999999999,8705.0,5.0
D:\ContainerLiveMigration\tests\testläufe\messungen_daten\runs\batches\20260511_071211_postcopy_wrk1_0d71f4\runs\0056,0056,56,20260511_075348_postcopy_56_fdfafa,postcopy,wrk1,ok,2026-05-11T07:53:48Z,2026-05-11T07:54:32Z,,True,True,False,20260511_071211_postcopy_wrk1_0d71f4,/mnt/criu/runs/batches/20260511_071211_postcopy_wrk1_0d71f4,True,D:\ContainerLiveMigration\tests\testläufe\messungen_daten\runs\batches\20260511_071211_postcopy_wrk1_0d71f4\runs\0056\summary.json,,False,,,1778486058428.0,1778486058428.0,events(offset_corrected),13651.0,3350.0,10897.0,2.0,15315.0,1212.0,1212.0,1161.0,54.0,50.0,6049.0,1150.0,201.0,162.0,122.0,25.0,0.0,0.0,200.0,163.0,200.0,139.0,0.0,24.0,1778486058952.0,1778486060164.0,,2508.0,,,3367.0,2660.0,,,,,4851.0,,,,3699.0,2329.0,940.0,2854.0,3425.0,40.0,40.0,False,0.0,3.0,200.0,A,False,shared,0.0,1.0,3.0,200.0,10000.0,2.0,1.0,0.0,400.0,10.66,11.175,11.46,12.113,11.72,12.173,54.0,,0.0,0.0,0.0,,0.0,,0.0,0.0,,0.0,,0,0.8000000000000007,0.9379999999999988,9736.0,51.0
D:\ContainerLiveMigration\tests\testläufe\messungen_daten\runs\batches\20260511_071211_postcopy_wrk1_0d71f4\runs\0057,0057,57,20260511_075434_postcopy_57_8dd605,postcopy,wrk1,ok,2026-05-11T07:54:34Z,2026-05-11T07:55:17Z,,True,True,False,20260511_071211_postcopy_wrk1_0d71f4,/mnt/criu/runs/batches/20260511_071211_postcopy_wrk1_0d71f4,True,D:\ContainerLiveMigration\tests\testläufe\messungen_daten\runs\batches\20260511_071211_postcopy_wrk1_0d71f4\runs\0057\summary.json,,False,,,1778486103309.0,1778486103309.0,events(offset_corrected),12173.0,3351.0,9406.0,3.0,14471.0,1166.0,1166.0,1210.0,52.0,47.0,6100.0,1200.0,201.0,164.0,123.0,25.0,0.0,0.0,200.0,164.0,200.0,139.0,0.0,25.0,1778486103884.0,1778486105050.0,,2253.0,,,2958.0,1851.0,,,,,4868.0,,,,3770.0,2361.0,883.0,2853.0,3413.0,40.0,40.0,False,0.0,3.0,200.0,A,False,shared,0.0,1.0,3.0,200.0,10000.0,2.0,1.0,0.0,400.0,10.385,11.226,8.49,10.035,11.14,11.846,50.0,,0.0,0.0,0.0,,0.0,,0.0,0.0,,0.0,,0,-1.8949999999999996,-1.1910000000000007,8196.0,-44.0
D:\ContainerLiveMigration\tests\testläufe\messungen_daten\runs\batches\20260511_071211_postcopy_wrk1_0d71f4\runs\0058,0058,58,20260511_075519_postcopy_58_c19df0,postcopy,wrk1,ok,2026-05-11T07:55:19Z,2026-05-11T07:56:01Z,,True,True,False,20260511_071211_postcopy_wrk1_0d71f4,/mnt/criu/runs/batches/20260511_071211_postcopy_wrk1_0d71f4,True,D:\ContainerLiveMigration\tests\testläufe\messungen_daten\runs\batches\20260511_071211_postcopy_wrk1_0d71f4\runs\0058\summary.json,,False,,,1778486147871.0,1778486147871.0,events(offset_corrected),12004.0,3350.0,9302.0,3.0,13615.0,1213.0,1213.0,1160.0,52.0,49.0,6102.0,1150.0,201.0,163.0,123.0,26.0,0.0,0.0,200.0,162.0,199.0,138.0,1.0,24.0,1778486148370.0,1778486149583.0,,1935.0,,,3005.0,1987.0,,,,,5023.0,,,,3893.0,2392.0,927.0,2801.0,3387.0,40.0,40.0,False,0.0,3.0,200.0,A,False,shared,0.0,1.0,3.0,200.0,10000.0,2.0,1.0,0.0,400.0,9.97,11.153,9.33,10.358,11.03,12.2,49.0,,0.0,0.0,0.0,,0.0,,0.0,0.0,,0.0,,0,-0.6400000000000006,-0.7949999999999999,8142.0,53.0
D:\ContainerLiveMigration\tests\testläufe\messungen_daten\runs\batches\20260511_071211_postcopy_wrk1_0d71f4\runs\0059,0059,59,20260511_075603_postcopy_59_27e5d3,postcopy,wrk1,ok,2026-05-11T07:56:03Z,2026-05-11T07:56:48Z,,True,True,False,20260511_071211_postcopy_wrk1_0d71f4,/mnt/criu/runs/batches/20260511_071211_postcopy_wrk1_0d71f4,True,D:\ContainerLiveMigration\tests\testläufe\messungen_daten\runs\batches\20260511_071211_postcopy_wrk1_0d71f4\runs\0059\summary.json,,False,,,1778486194332.0,1778486194332.0,events(offset_corrected),12949.0,3701.0,9887.0,3.0,14566.0,1216.0,1216.0,1261.0,56.0,51.0,5752.0,1250.0,200.0,164.0,117.0,25.0,0.0,0.0,200.0,163.0,200.0,137.0,0.0,26.0,1778486194879.0,1778486196095.0,,2048.0,,,3297.0,2019.0,,,,,5326.0,,,,4079.0,2420.0,1018.0,2800.0,3375.0,40.0,40.0,False,0.0,3.0,200.0,A,False,shared,0.0,1.0,3.0,200.0,10000.0,2.0,1.0,0.0,400.0,11.41,11.647,10.03,10.675,11.705,12.895,53.0,,0.0,0.0,0.0,,0.0,,0.0,0.0,,0.0,,0,-1.3800000000000008,-0.9719999999999995,8626.0,-45.0
D:\ContainerLiveMigration\tests\testläufe\messungen_daten\runs\batches\20260511_071211_postcopy_wrk1_0d71f4\runs\0060,0060,60,20260511_075650_postcopy_60_450670,postcopy,wrk1,ok,2026-05-11T07:56:50Z,2026-05-11T07:57:34Z,,True,True,False,20260511_071211_postcopy_wrk1_0d71f4,/mnt/criu/runs/batches/20260511_071211_postcopy_wrk1_0d71f4,True,D:\ContainerLiveMigration\tests\testläufe\messungen_daten\runs\batches\20260511_071211_postcopy_wrk1_0d71f4\runs\0060\summary.json,,False,,,1778486239508.0,1778486239508.0,events(offset_corrected),11996.0,3400.0,9880.0,3.0,14304.0,1813.0,1813.0,1861.0,37.0,51.0,5999.0,1850.0,200.0,174.0,122.0,37.0,0.0,0.0,200.0,173.0,200.0,135.0,0.0,38.0,1778486240056.0,1778486241869.0,,2173.0,,,2886.0,1795.0,,,,,4905.0,,,,3756.0,2338.0,943.0,3424.0,3844.0,40.0,40.0,False,0.0,3.0,200.0,A,False,shared,0.0,1.0,3.0,200.0,10000.0,2.0,1.0,0.0,400.0,10.455,12.53,9.59,9.778,12.235,12.528,52.0,,0.0,0.0,0.0,,0.0,,0.0,0.0,,0.0,,0,-0.8650000000000002,-2.751999999999999,8019.0,-48.0
D:\ContainerLiveMigration\tests\testläufe\messungen_daten\runs\batches\20260511_071211_postcopy_wrk1_0d71f4\runs\0061,0061,61,20260511_075735_postcopy_61_c033c5,postcopy,wrk1,ok,2026-05-11T07:57:35Z,2026-05-11T07:58:17Z,,True,True,False,20260511_071211_postcopy_wrk1_0d71f4,/mnt/criu/runs/batches/20260511_071211_postcopy_wrk1_0d71f4,True,D:\ContainerLiveMigration\tests\testläufe\messungen_daten\runs\batches\20260511_071211_postcopy_wrk1_0d71f4\runs\0061\summary.json,,False,,,1778486283816.0,1778486283816.0,events(offset_corrected),11438.0,2851.0,9312.0,2.0,13116.0,1266.0,1266.0,1260.0,68.0,51.0,6647.0,1250.0,200.0,166.0,134.0,26.0,0.0,0.0,200.0,166.0,199.0,140.0,1.0,26.0,1778486284337.0,1778486285603.0,,2199.0,,,3067.0,1803.0,,,,,4311.0,,,,3382.0,2050.0,756.0,2949.0,3542.0,40.0,40.0,False,0.0,3.0,200.0,A,False,shared,0.0,1.0,3.0,200.0,10000.0,2.0,1.0,0.0,400.0,10.275,11.467,7.05,8.559,9.255,11.005,50.0,,0.0,0.0,0.0,,0.0,,0.0,0.0,,0.0,,0,-3.2250000000000005,-2.9080000000000013,8052.0,6.0
D:\ContainerLiveMigration\tests\testläufe\messungen_daten\runs\batches\20260511_071211_postcopy_wrk1_0d71f4\runs\0062,0062,62,20260511_075819_postcopy_62_ca821c,postcopy,wrk1,ok,2026-05-11T07:58:19Z,2026-05-11T07:59:03Z,,True,True,False,20260511_071211_postcopy_wrk1_0d71f4,/mnt/criu/runs/batches/20260511_071211_postcopy_wrk1_0d71f4,True,D:\ContainerLiveMigration\tests\testläufe\messungen_daten\runs\batches\20260511_071211_postcopy_wrk1_0d71f4\runs\0062\summary.json,,False,,,1778486328949.0,1778486328949.0,events(offset_corrected),11854.0,3150.0,9461.0,2.0,13612.0,1312.0,1312.0,1260.0,67.0,51.0,6302.0,1249.0,201.0,168.0,127.0,27.0,0.0,0.0,200.0,169.0,200.0,143.0,0.0,26.0,1778486329479.0,1778486330791.0,,2156.0,,,3252.0,1885.0,,,,,4545.0,,,,3473.0,2256.0,863.0,3022.0,3591.0,40.0,40.0,False,0.0,3.0,200.0,A,False,shared,0.0,1.0,3.0,200.0,10000.0,2.0,1.0,0.0,400.0,9.65,11.316,10.405,10.715,12.22,12.975,50.0,,0.0,0.0,0.0,,0.0,,0.0,0.0,,0.0,,0,0.754999999999999,-0.6010000000000009,8201.0,52.0
D:\ContainerLiveMigration\tests\testläufe\messungen_daten\runs\batches\20260511_071211_postcopy_wrk1_0d71f4\runs\0063,0063,63,20260511_075904_postcopy_63_886263,postcopy,wrk1,ok,2026-05-11T07:59:04Z,2026-05-11T07:59:49Z,,True,True,False,20260511_071211_postcopy_wrk1_0d71f4,/mnt/criu/runs/batches/20260511_071211_postcopy_wrk1_0d71f4,True,D:\ContainerLiveMigration\tests\testläufe\messungen_daten\runs\batches\20260511_071211_postcopy_wrk1_0d71f4\runs\0063\summary.json,,False,,,1778486374885.0,1778486374885.0,events(offset_corrected),13906.0,4301.0,10268.0,3.0,15568.0,1217.0,1217.0,1210.0,62.0,50.0,5155.0,1200.0,200.0,164.0,105.0,25.0,0.0,0.0,200.0,163.0,200.0,138.0,0.0,25.0,1778486375420.0,1778486376637.0,,2255.0,,,3182.0,2012.0,,,,,6204.0,,,,4963.0,3171.0,1011.0,2796.0,3348.0,40.0,40.0,False,0.0,3.0,200.0,A,False,shared,0.0,1.0,3.0,200.0,10000.0,2.0,1.0,0.0,400.0,10.545,11.228,10.61,11.331,12.09,12.771,53.0,,0.0,0.0,0.0,,0.0,,0.0,0.0,,0.0,,0,0.0649999999999995,0.10299999999999976,9058.0,7.0
D:\ContainerLiveMigration\tests\testläufe\messungen_daten\runs\batches\20260511_071211_postcopy_wrk1_0d71f4\runs\0064,0064,64,20260511_075951_postcopy_64_cef2dc,postcopy,wrk1,ok,2026-05-11T07:59:51Z,2026-05-11T08:00:34Z,,True,True,False,20260511_071211_postcopy_wrk1_0d71f4,/mnt/criu/runs/batches/20260511_071211_postcopy_wrk1_0d71f4,True,D:\ContainerLiveMigration\tests\testläufe\messungen_daten\runs\batches\20260511_071211_postcopy_wrk1_0d71f4\runs\0064\summary.json,,False,,,1778486420682.0,1778486420682.0,events(offset_corrected),12842.0,3299.0,10283.0,2.0,14564.0,1313.0,1313.0,1260.0,38.0,50.0,6206.0,1250.0,201.0,166.0,125.0,27.0,0.0,0.0,200.0,165.0,199.0,139.0,1.0,26.0,1778486421201.0,1778486422514.0,,2197.0,,,3103.0,2142.0,,,,,5124.0,,,,4028.0,2358.0,897.0,2947.0,3522.0,40.0,40.0,False,0.0,3.0,200.0,A,False,shared,0.0,1.0,3.0,200.0,10000.0,2.0,1.0,0.0,400.0,10.93,11.645,9.625,10.898,11.615,13.154,51.0,,0.0,0.0,0.0,,0.0,,0.0,0.0,,0.0,,0,-1.3049999999999997,-0.7469999999999999,9023.0,53.0
D:\ContainerLiveMigration\tests\testläufe\messungen_daten\runs\batches\20260511_071211_postcopy_wrk1_0d71f4\runs\0065,0065,65,20260511_080036_postcopy_65_46ab8e,postcopy,wrk1,ok,2026-05-11T08:00:36Z,2026-05-11T08:01:18Z,,True,True,False,20260511_071211_postcopy_wrk1_0d71f4,/mnt/criu/runs/batches/20260511_071211_postcopy_wrk1_0d71f4,True,D:\ContainerLiveMigration\tests\testläufe\messungen_daten\runs\batches\20260511_071211_postcopy_wrk1_0d71f4\runs\0065\summary.json,,False,,,1778486465102.0,1778486465102.0,events(offset_corrected),12054.0,3447.0,9216.0,3.0,13679.0,1165.0,1165.0,1210.0,46.0,49.0,6016.0,1200.0,200.0,162.0,122.0,24.0,0.0,0.0,200.0,162.0,200.0,137.0,0.0,25.0,1778486465660.0,1778486466825.0,,2080.0,,,2917.0,1843.0,,,,,5167.0,,,,4032.0,2345.0,936.0,2751.0,3332.0,40.0,40.0,False,0.0,3.0,200.0,A,False,shared,0.0,1.0,3.0,200.0,10000.0,2.0,1.0,0.0,400.0,9.53,10.659,10.09,10.695,11.52,12.465,49.0,,0.0,0.0,0.0,,0.0,,0.0,0.0,,0.0,,0,0.5600000000000005,0.03599999999999959,8006.0,-45.0
D:\ContainerLiveMigration\tests\testläufe\messungen_daten\runs\batches\20260511_071211_postcopy_wrk1_0d71f4\runs\0066,0066,66,20260511_080120_postcopy_66_11843e,postcopy,wrk1,ok,2026-05-11T08:01:20Z,2026-05-11T08:02:04Z,,True,True,False,20260511_071211_postcopy_wrk1_0d71f4,/mnt/criu/runs/batches/20260511_071211_postcopy_wrk1_0d71f4,True,D:\ContainerLiveMigration\tests\testläufe\messungen_daten\runs\batches\20260511_071211_postcopy_wrk1_0d71f4\runs\0066\summary.json,,False,,,1778486510214.0,1778486510214.0,events(offset_corrected),11799.0,3242.0,9181.0,3.0,13463.0,1213.0,1213.0,1210.0,51.0,50.0,6202.0,1200.0,200.0,164.0,126.0,25.0,0.0,0.0,200.0,163.0,199.0,138.0,1.0,25.0,1778486510782.0,1778486511995.0,,2109.0,,,3183.0,1764.0,,,,,4684.0,,,,3587.0,2342.0,865.0,2796.0,3366.0,40.0,40.0,False,0.0,3.0,200.0,A,False,shared,0.0,1.0,3.0,200.0,10000.0,2.0,1.0,0.0,400.0,10.72,11.296,7.37,9.104,10.62,11.469,52.0,,0.0,0.0,0.0,,0.0,,0.0,0.0,,0.0,,0,-3.3500000000000005,-2.192,7971.0,3.0
D:\ContainerLiveMigration\tests\testläufe\messungen_daten\runs\batches\20260511_071211_postcopy_wrk1_0d71f4\runs\0067,0067,67,20260511_080205_postcopy_67_3842a5,postcopy,wrk1,ok,2026-05-11T08:02:05Z,2026-05-11T08:02:49Z,,True,True,False,20260511_071211_postcopy_wrk1_0d71f4,/mnt/criu/runs/batches/20260511_071211_postcopy_wrk1_0d71f4,True,D:\ContainerLiveMigration\tests\testläufe\messungen_daten\runs\batches\20260511_071211_postcopy_wrk1_0d71f4\runs\0067\summary.json,,False,,,1778486554706.0,1778486554706.0,events(offset_corrected),12361.0,3452.0,9575.0,2.0,14066.0,1263.0,1263.0,1261.0,47.0,49.0,6007.0,1250.0,201.0,178.0,121.0,26.0,0.0,0.0,200.0,179.0,197.0,153.0,3.0,26.0,1778486555275.0,1778486556538.0,,2165.0,,,2939.0,1877.0,,,,,5323.0,,,,4190.0,2362.0,910.0,3520.0,4103.0,40.0,40.0,False,0.0,3.0,200.0,A,False,shared,0.0,1.0,3.0,200.0,10000.0,2.0,1.0,0.0,400.0,8.41,10.113,11.51,12.06,11.24,12.142,51.0,,0.0,0.0,0.0,,0.0,,0.0,0.0,,0.0,,0,3.0999999999999996,1.947000000000001,8314.0,2.0
D:\ContainerLiveMigration\tests\testläufe\messungen_daten\runs\batches\20260511_071211_postcopy_wrk1_0d71f4\runs\0068,0068,68,20260511_080251_postcopy_68_998c57,postcopy,wrk1,ok,2026-05-11T08:02:51Z,2026-05-11T08:03:34Z,,True,True,False,20260511_071211_postcopy_wrk1_0d71f4,/mnt/criu/runs/batches/20260511_071211_postcopy_wrk1_0d71f4,True,D:\ContainerLiveMigration\tests\testläufe\messungen_daten\runs\batches\20260511_071211_postcopy_wrk1_0d71f4\runs\0068\summary.json,,False,,,1778486600555.0,1778486600555.0,events(offset_corrected),12193.0,3350.0,9705.0,2.0,14003.0,1362.0,1362.0,1361.0,29.0,49.0,6151.0,1350.0,200.0,168.0,124.0,28.0,0.0,0.0,200.0,168.0,200.0,140.0,0.0,28.0,1778486601096.0,1778486602458.0,,2281.0,,,2943.0,1879.0,,,,,4853.0,,,,3674.0,2314.0,946.0,3063.0,3613.0,40.0,40.0,False,0.0,3.0,200.0,A,False,shared,0.0,1.0,3.0,200.0,10000.0,2.0,1.0,0.0,400.0,9.39,10.901,9.53,10.744,11.72,13.235,51.0,,0.0,0.0,0.0,,0.0,,0.0,0.0,,0.0,,0,0.1399999999999988,-0.15700000000000003,8344.0,1.0
D:\ContainerLiveMigration\tests\testläufe\messungen_daten\runs\batches\20260511_071211_postcopy_wrk1_0d71f4\runs\0069,0069,69,20260511_080336_postcopy_69_e0760d,postcopy,wrk1,ok,2026-05-11T08:03:36Z,2026-05-11T08:04:18Z,,True,True,False,20260511_071211_postcopy_wrk1_0d71f4,/mnt/criu/runs/batches/20260511_071211_postcopy_wrk1_0d71f4,True,D:\ContainerLiveMigration\tests\testläufe\messungen_daten\runs\batches\20260511_071211_postcopy_wrk1_0d71f4\runs\0069\summary.json,,False,,,1778486644903.0,1778486644903.0,events(offset_corrected),11738.0,2850.0,9439.0,2.0,13314.0,1164.0,1164.0,1161.0,49.0,50.0,6560.0,1150.0,200.0,161.0,132.0,25.0,0.0,0.0,200.0,161.0,199.0,137.0,1.0,24.0,1778486645402.0,1778486646566.0,,2200.0,,,2937.0,2087.0,,,,,4476.0,,,,3547.0,2085.0,767.0,2771.0,3331.0,40.0,40.0,False,0.0,3.0,200.0,A,False,shared,0.0,1.0,3.0,200.0,10000.0,2.0,1.0,0.0,400.0,9.99,11.41,5.54,6.833,8.04,9.391,49.0,,0.0,0.0,0.0,,0.0,,0.0,0.0,,0.0,,0,-4.45,-4.577,8278.0,3.0
D:\ContainerLiveMigration\tests\testläufe\messungen_daten\runs\batches\20260511_071211_postcopy_wrk1_0d71f4\runs\0070,0070,70,20260511_080420_postcopy_70_fd9902,postcopy,wrk1,ok,2026-05-11T08:04:20Z,2026-05-11T08:05:04Z,,True,True,False,20260511_071211_postcopy_wrk1_0d71f4,/mnt/criu/runs/batches/20260511_071211_postcopy_wrk1_0d71f4,True,D:\ContainerLiveMigration\tests\testläufe\messungen_daten\runs\batches\20260511_071211_postcopy_wrk1_0d71f4\runs\0070\summary.json,,False,,,1778486690646.0,1778486690646.0,events(offset_corrected),13249.0,4250.0,9711.0,3.0,14961.0,1212.0,1212.0,1211.0,58.0,50.0,5200.0,1201.0,200.0,165.0,106.0,25.0,0.0,0.0,200.0,164.0,199.0,139.0,1.0,25.0,1778486691184.0,1778486692396.0,,2158.0,,,3073.0,1964.0,,,,,5841.0,,,,4700.0,3200.0,911.0,2874.0,3468.0,40.0,40.0,False,0.0,3.0,200.0,A,False,shared,0.0,1.0,3.0,200.0,10000.0,2.0,1.0,0.0,400.0,9.96,10.944,8.935,10.351,10.62,12.297,52.0,,0.0,0.0,0.0,,0.0,,0.0,0.0,,0.0,,0,-1.0250000000000004,-0.593,8500.0,1.0
D:\ContainerLiveMigration\tests\testläufe\messungen_daten\runs\batches\20260511_071211_postcopy_wrk1_0d71f4\runs\0071,0071,71,20260511_080506_postcopy_71_4ac3c6,postcopy,wrk1,ok,2026-05-11T08:05:06Z,2026-05-11T08:05:50Z,,True,True,False,20260511_071211_postcopy_wrk1_0d71f4,/mnt/criu/runs/batches/20260511_071211_postcopy_wrk1_0d71f4,True,D:\ContainerLiveMigration\tests\testläufe\messungen_daten\runs\batches\20260511_071211_postcopy_wrk1_0d71f4\runs\0071\summary.json,,False,,,1778486736477.0,1778486736477.0,events(offset_corrected),12301.0,3396.0,9522.0,3.0,13964.0,1164.0,1164.0,1210.0,49.0,48.0,6001.0,1200.0,201.0,161.0,122.0,24.0,0.0,0.0,200.0,160.0,200.0,135.0,0.0,25.0,1778486737044.0,1778486738208.0,,2076.0,,,3041.0,2047.0,,,,,5136.0,,,,4009.0,2325.0,893.0,2711.0,3309.0,40.0,40.0,False,0.0,3.0,200.0,A,False,shared,0.0,1.0,3.0,200.0,10000.0,2.0,1.0,0.0,400.0,10.91,11.904,9.01,10.185,11.34,12.552,51.0,,0.0,0.0,0.0,,0.0,,0.0,0.0,,0.0,,0,-1.9000000000000004,-1.7189999999999994,8312.0,-46.0
D:\ContainerLiveMigration\tests\testläufe\messungen_daten\runs\batches\20260511_071211_postcopy_wrk1_0d71f4\runs\0072,0072,72,20260511_080552_postcopy_72_40f35d,postcopy,wrk1,ok,2026-05-11T08:05:52Z,2026-05-11T08:06:35Z,,True,True,False,20260511_071211_postcopy_wrk1_0d71f4,/mnt/criu/runs/batches/20260511_071211_postcopy_wrk1_0d71f4,True,D:\ContainerLiveMigration\tests\testläufe\messungen_daten\runs\batches\20260511_071211_postcopy_wrk1_0d71f4\runs\0072\summary.json,,False,,,1778486781729.0,1778486781729.0,events(offset_corrected),12807.0,3350.0,10016.0,2.0,14420.0,1162.0,1162.0,1161.0,54.0,50.0,6049.0,1150.0,200.0,161.0,122.0,24.0,0.0,0.0,200.0,161.0,198.0,137.0,2.0,24.0,1778486782285.0,1778486783447.0,,2339.0,,,3110.0,1937.0,,,,,5175.0,,,,4028.0,2332.0,910.0,2731.0,3286.0,40.0,40.0,False,0.0,3.0,200.0,A,False,shared,0.0,1.0,3.0,200.0,10000.0,2.0,1.0,0.0,400.0,10.32,11.177,10.275,10.931,11.69,12.493,51.0,,0.0,0.0,0.0,,0.0,,0.0,0.0,,0.0,,0,-0.04499999999999993,-0.24600000000000044,8855.0,1.0
D:\ContainerLiveMigration\tests\testläufe\messungen_daten\runs\batches\20260511_071211_postcopy_wrk1_0d71f4\runs\0073,0073,73,20260511_080637_postcopy_73_fdc81f,postcopy,wrk1,ok,2026-05-11T08:06:37Z,2026-05-11T08:07:22Z,,True,True,False,20260511_071211_postcopy_wrk1_0d71f4,/mnt/criu/runs/batches/20260511_071211_postcopy_wrk1_0d71f4,True,D:\ContainerLiveMigration\tests\testläufe\messungen_daten\runs\batches\20260511_071211_postcopy_wrk1_0d71f4\runs\0073\summary.json,,False,,,1778486828109.0,1778486828109.0,events(offset_corrected),12453.0,3400.0,9703.0,2.0,14128.0,1212.0,1212.0,1210.0,50.0,50.0,6051.0,1200.0,200.0,163.0,122.0,25.0,0.0,0.0,200.0,162.0,199.0,137.0,1.0,25.0,1778486828652.0,1778486829864.0,,2165.0,,,3080.0,1980.0,,,,,4986.0,,,,3857.0,2334.0,899.0,2810.0,3380.0,40.0,40.0,False,0.0,3.0,200.0,A,False,shared,0.0,1.0,3.0,200.0,10000.0,2.0,1.0,0.0,400.0,10.35,11.363,9.46,9.893,11.18,12.245,52.0,,0.0,0.0,0.0,,0.0,,0.0,0.0,,0.0,,0,-0.8899999999999988,-1.4699999999999989,8493.0,2.0
D:\ContainerLiveMigration\tests\testläufe\messungen_daten\runs\batches\20260511_071211_postcopy_wrk1_0d71f4\runs\0074,0074,74,20260511_080723_postcopy_74_2778d9,postcopy,wrk1,ok,2026-05-11T08:07:23Z,2026-05-11T08:08:07Z,,True,True,False,20260511_071211_postcopy_wrk1_0d71f4,/mnt/criu/runs/batches/20260511_071211_postcopy_wrk1_0d71f4,True,D:\ContainerLiveMigration\tests\testläufe\messungen_daten\runs\batches\20260511_071211_postcopy_wrk1_0d71f4\runs\0074\summary.json,,False,,,1778486873322.0,1778486873322.0,events(offset_corrected),12097.0,3294.0,10121.0,3.0,14465.0,1912.0,1912.0,1960.0,60.0,50.0,6153.0,1950.0,201.0,176.0,125.0,39.0,0.0,0.0,200.0,175.0,197.0,135.0,3.0,40.0,1778486873891.0,1778486875803.0,,2037.0,,,3163.0,1809.0,,,,,5080.0,,,,3967.0,2314.0,913.0,3478.0,3966.0,40.0,40.0,False,0.0,3.0,200.0,A,False,shared,0.0,1.0,3.0,200.0,10000.0,2.0,1.0,0.0,400.0,10.475,11.768,8.74,9.551,11.25,11.926,52.0,,0.0,0.0,0.0,,0.0,,0.0,0.0,,0.0,,0,-1.7349999999999994,-2.2170000000000005,8161.0,-48.0
D:\ContainerLiveMigration\tests\testläufe\messungen_daten\runs\batches\20260511_071211_postcopy_wrk1_0d71f4\runs\0075,0075,75,20260511_080809_postcopy_75_bbefae,postcopy,wrk1,ok,2026-05-11T08:08:09Z,2026-05-11T08:08:53Z,,True,True,False,20260511_071211_postcopy_wrk1_0d71f4,/mnt/criu/runs/batches/20260511_071211_postcopy_wrk1_0d71f4,True,D:\ContainerLiveMigration\tests\testläufe\messungen_daten\runs\batches\20260511_071211_postcopy_wrk1_0d71f4\runs\0075\summary.json,,False,,,1778486919441.0,1778486919441.0,events(offset_corrected),13288.0,3551.0,10401.0,2.0,14963.0,1212.0,1212.0,1161.0,54.0,98.0,5957.0,1150.0,201.0,161.0,120.0,25.0,0.0,0.0,200.0,160.0,199.0,135.0,1.0,25.0,1778486919992.0,1778486921204.0,,2316.0,,,3228.0,2018.0,,,,,5507.0,,,,4310.0,2363.0,991.0,2676.0,3230.0,40.0,40.0,False,0.0,3.0,200.0,A,False,shared,0.0,1.0,3.0,200.0,10000.0,2.0,1.0,0.0,400.0,10.39,11.33,11.015,11.969,11.825,12.854,51.0,,0.0,0.0,0.0,,0.0,,0.0,0.0,,0.0,,0,0.625,0.6389999999999993,9240.0,51.0
D:\ContainerLiveMigration\tests\testläufe\messungen_daten\runs\batches\20260511_071211_postcopy_wrk1_0d71f4\runs\0076,0076,76,20260511_080855_postcopy_76_68f9b1,postcopy,wrk1,ok,2026-05-11T08:08:55Z,2026-05-11T08:09:38Z,,True,True,False,20260511_071211_postcopy_wrk1_0d71f4,/mnt/criu/runs/batches/20260511_071211_postcopy_wrk1_0d71f4,True,D:\ContainerLiveMigration\tests\testläufe\messungen_daten\runs\batches\20260511_071211_postcopy_wrk1_0d71f4\runs\0076\summary.json,,False,,,1778486964561.0,1778486964561.0,events(offset_corrected),12192.0,3444.0,9330.0,2.0,13813.0,1212.0,1212.0,1211.0,41.0,52.0,6003.0,1200.0,200.0,163.0,121.0,25.0,0.0,0.0,200.0,163.0,200.0,138.0,0.0,25.0,1778486965107.0,1778486966319.0,,2262.0,,,2986.0,1979.0,,,,,4626.0,,,,3492.0,2337.0,905.0,2725.0,3288.0,40.0,40.0,False,0.0,3.0,200.0,A,False,shared,0.0,1.0,3.0,200.0,10000.0,2.0,1.0,0.0,400.0,11.23,12.042,9.18,10.396,11.87,13.04,50.0,,0.0,0.0,0.0,,0.0,,0.0,0.0,,0.0,,0,-2.0500000000000007,-1.645999999999999,8119.0,1.0
D:\ContainerLiveMigration\tests\testläufe\messungen_daten\runs\batches\20260511_071211_postcopy_wrk1_0d71f4\runs\0077,0077,77,20260511_080939_postcopy_77_dd2cd2,postcopy,wrk1,ok,2026-05-11T08:09:40Z,2026-05-11T08:10:24Z,,True,True,False,20260511_071211_postcopy_wrk1_0d71f4,/mnt/criu/runs/batches/20260511_071211_postcopy_wrk1_0d71f4,True,D:\ContainerLiveMigration\tests\testläufe\messungen_daten\runs\batches\20260511_071211_postcopy_wrk1_0d71f4\runs\0077\summary.json,,False,,,1778487009764.0,1778487009764.0,events(offset_corrected),12153.0,3243.0,9656.0,2.0,13866.0,1316.0,1316.0,1311.0,64.0,0.0,6256.0,1300.0,200.0,170.0,126.0,27.0,0.0,0.0,200.0,168.0,200.0,141.0,0.0,27.0,1778487010278.0,1778487011594.0,,2321.0,,,2920.0,1841.0,,,,,4807.0,,,,3742.0,2231.0,874.0,2987.0,3595.0,40.0,40.0,False,0.0,3.0,200.0,A,False,shared,0.0,1.0,3.0,200.0,10000.0,2.0,1.0,0.0,400.0,10.1,11.101,8.985,10.177,11.24,12.61,53.0,,0.0,0.0,0.0,,0.0,,0.0,0.0,,0.0,,0,-1.1150000000000002,-0.9240000000000013,8345.0,5.0
D:\ContainerLiveMigration\tests\testläufe\messungen_daten\runs\batches\20260511_071211_postcopy_wrk1_0d71f4\runs\0078,0078,78,20260511_081025_postcopy_78_29f113,postcopy,wrk1,ok,2026-05-11T08:10:25Z,2026-05-11T08:11:10Z,,True,True,False,20260511_071211_postcopy_wrk1_0d71f4,/mnt/criu/runs/batches/20260511_071211_postcopy_wrk1_0d71f4,True,D:\ContainerLiveMigration\tests\testläufe\messungen_daten\runs\batches\20260511_071211_postcopy_wrk1_0d71f4\runs\0078\summary.json,,False,,,1778487055215.0,1778487055215.0,events(offset_corrected),12714.0,3301.0,10051.0,2.0,14357.0,1262.0,1262.0,1210.0,61.0,51.0,6155.0,1200.0,201.0,184.0,124.0,26.0,0.0,0.0,200.0,184.0,200.0,159.0,0.0,25.0,1778487055736.0,1778487056998.0,,2027.0,,,3475.0,1849.0,,,,,5068.0,,,,3908.0,2274.0,951.0,3771.0,4348.0,40.0,40.0,False,0.0,3.0,200.0,A,False,shared,0.0,1.0,3.0,200.0,10000.0,2.0,1.0,0.0,400.0,10.46,11.423,11.01,11.494,12.57,12.887,52.0,,0.0,0.0,0.0,,0.0,,0.0,0.0,,0.0,,0,0.5499999999999989,0.07099999999999973,8841.0,52.0
D:\ContainerLiveMigration\tests\testläufe\messungen_daten\runs\batches\20260511_071211_postcopy_wrk1_0d71f4\runs\0079,0079,79,20260511_081111_postcopy_79_99bbae,postcopy,wrk1,ok,2026-05-11T08:11:11Z,2026-05-11T08:11:55Z,,True,True,False,20260511_071211_postcopy_wrk1_0d71f4,/mnt/criu/runs/batches/20260511_071211_postcopy_wrk1_0d71f4,True,D:\ContainerLiveMigration\tests\testläufe\messungen_daten\runs\batches\20260511_071211_postcopy_wrk1_0d71f4\runs\0079\summary.json,,False,,,1778487101501.0,1778487101501.0,events(offset_corrected),12214.0,3250.0,9737.0,2.0,14016.0,1363.0,1363.0,1311.0,77.0,50.0,6204.0,1300.0,200.0,166.0,125.0,28.0,0.0,0.0,200.0,166.0,200.0,139.0,0.0,27.0,1778487102038.0,1778487103401.0,,2340.0,,,2941.0,1845.0,,,,,5043.0,,,,3939.0,2260.0,893.0,2971.0,3539.0,40.0,40.0,False,0.0,3.0,200.0,A,False,shared,0.0,1.0,3.0,200.0,10000.0,2.0,1.0,0.0,400.0,10.555,11.852,7.69,9.039,10.36,12.016,51.0,,0.0,0.0,0.0,,0.0,,0.0,0.0,,0.0,,0,-2.8649999999999993,-2.8130000000000006,8426.0,52.0
D:\ContainerLiveMigration\tests\testläufe\messungen_daten\runs\batches\20260511_071211_postcopy_wrk1_0d71f4\runs\0080,0080,80,20260511_081156_postcopy_80_c1080c,postcopy,wrk1,ok,2026-05-11T08:11:56Z,2026-05-11T08:12:40Z,,True,True,False,20260511_071211_postcopy_wrk1_0d71f4,/mnt/criu/runs/batches/20260511_071211_postcopy_wrk1_0d71f4,True,D:\ContainerLiveMigration\tests\testläufe\messungen_daten\runs\batches\20260511_071211_postcopy_wrk1_0d71f4\runs\0080\summary.json,,False,,,1778487146889.0,1778487146889.0,events(offset_corrected),12673.0,3550.0,9737.0,2.0,14312.0,1163.0,1163.0,1210.0,63.0,50.0,5950.0,1200.0,201.0,162.0,120.0,24.0,0.0,0.0,200.0,162.0,199.0,137.0,1.0,25.0,1778487147445.0,1778487148608.0,,2225.0,,,3163.0,1826.0,,,,,5233.0,,,,4064.0,2404.0,935.0,2802.0,3355.0,40.0,40.0,False,0.0,3.0,200.0,A,False,shared,0.0,1.0,3.0,200.0,10000.0,2.0,1.0,0.0,400.0,10.96,11.452,7.76,9.169,10.26,11.23,51.0,,0.0,0.0,0.0,,0.0,,0.0,0.0,,0.0,,0,-3.200000000000001,-2.2829999999999995,8527.0,-47.0
D:\ContainerLiveMigration\tests\testläufe\messungen_daten\runs\batches\20260511_071211_postcopy_wrk1_0d71f4\runs\0081,0081,81,20260511_081242_postcopy_81_6dcfeb,postcopy,wrk1,ok,2026-05-11T08:12:42Z,2026-05-11T08:13:25Z,,True,True,False,20260511_071211_postcopy_wrk1_0d71f4,/mnt/criu/runs/batches/20260511_071211_postcopy_wrk1_0d71f4,True,D:\ContainerLiveMigration\tests\testläufe\messungen_daten\runs\batches\20260511_071211_postcopy_wrk1_0d71f4\runs\0081\summary.json,,False,,,1778487191883.0,1778487191883.0,events(offset_corrected),12337.0,3300.0,9557.0,3.0,13963.0,1160.0,1160.0,1160.0,55.0,51.0,6099.0,1149.0,201.0,166.0,124.0,24.0,0.0,0.0,200.0,165.0,198.0,141.0,2.0,24.0,1778487192438.0,1778487193598.0,,2119.0,,,2945.0,2522.0,,,,,4537.0,,,,3396.0,2293.0,928.0,2880.0,3472.0,40.0,40.0,False,0.0,3.0,200.0,A,False,shared,0.0,1.0,3.0,200.0,10000.0,2.0,1.0,0.0,400.0,10.41,10.889,10.58,10.852,12.085,12.7,49.0,,0.0,0.0,0.0,,0.0,,0.0,0.0,,0.0,,0,0.16999999999999993,-0.036999999999999034,8397.0,0.0
D:\ContainerLiveMigration\tests\testläufe\messungen_daten\runs\batches\20260511_071211_postcopy_wrk1_0d71f4\runs\0082,0082,82,20260511_081327_postcopy_82_1a919d,postcopy,wrk1,ok,2026-05-11T08:13:27Z,2026-05-11T08:14:09Z,,True,True,False,20260511_071211_postcopy_wrk1_0d71f4,/mnt/criu/runs/batches/20260511_071211_postcopy_wrk1_0d71f4,True,D:\ContainerLiveMigration\tests\testläufe\messungen_daten\runs\batches\20260511_071211_postcopy_wrk1_0d71f4\runs\0082\summary.json,,False,,,1778487235589.0,1778487235589.0,events(offset_corrected),11865.0,3400.0,9176.0,3.0,13530.0,1213.0,1213.0,1211.0,55.0,50.0,6101.0,1201.0,200.0,163.0,124.0,25.0,0.0,0.0,200.0,163.0,199.0,138.0,1.0,25.0,1778487236145.0,1778487237358.0,,2018.0,,,2960.0,1926.0,,,,,4910.0,,,,3835.0,2334.0,884.0,2813.0,3389.0,40.0,40.0,False,0.0,3.0,200.0,A,False,shared,0.0,1.0,3.0,200.0,10000.0,2.0,1.0,0.0,400.0,9.7,11.449,10.52,11.198,12.03,12.597,49.0,,0.0,0.0,0.0,,0.0,,0.0,0.0,,0.0,,0,0.8200000000000003,-0.25099999999999945,7965.0,2.0
D:\ContainerLiveMigration\tests\testläufe\messungen_daten\runs\batches\20260511_071211_postcopy_wrk1_0d71f4\runs\0083,0083,83,20260511_081411_postcopy_83_e410c9,postcopy,wrk1,ok,2026-05-11T08:14:11Z,2026-05-11T08:14:55Z,,True,True,False,20260511_071211_postcopy_wrk1_0d71f4,/mnt/criu/runs/batches/20260511_071211_postcopy_wrk1_0d71f4,True,D:\ContainerLiveMigration\tests\testläufe\messungen_daten\runs\batches\20260511_071211_postcopy_wrk1_0d71f4\runs\0083\summary.json,,False,,,1778487281473.0,1778487281473.0,events(offset_corrected),12944.0,3490.0,10031.0,2.0,14563.0,1163.0,1163.0,1160.0,47.0,51.0,5951.0,1149.0,200.0,165.0,120.0,24.0,0.0,0.0,200.0,164.0,200.0,140.0,0.0,24.0,1778487282015.0,1778487283178.0,,2286.0,,,3289.0,1923.0,,,,,5212.0,,,,4029.0,2359.0,963.0,2755.0,3379.0,40.0,40.0,False,0.0,3.0,200.0,A,False,shared,0.0,1.0,3.0,200.0,10000.0,2.0,1.0,0.0,400.0,9.355,10.838,10.57,11.016,12.24,13.099,52.0,,0.0,0.0,0.0,,0.0,,0.0,0.0,,0.0,,0,1.2149999999999999,0.17800000000000082,8871.0,3.0
D:\ContainerLiveMigration\tests\testläufe\messungen_daten\runs\batches\20260511_071211_postcopy_wrk1_0d71f4\runs\0084,0084,84,20260511_081456_postcopy_84_b12c06,postcopy,wrk1,ok,2026-05-11T08:14:57Z,2026-05-11T08:15:42Z,,True,True,False,20260511_071211_postcopy_wrk1_0d71f4,/mnt/criu/runs/batches/20260511_071211_postcopy_wrk1_0d71f4,True,D:\ContainerLiveMigration\tests\testläufe\messungen_daten\runs\batches\20260511_071211_postcopy_wrk1_0d71f4\runs\0084\summary.json,,False,,,1778487328368.0,1778487328368.0,events(offset_corrected),12499.0,3350.0,9834.0,3.0,14117.0,1166.0,1166.0,1210.0,53.0,50.0,6151.0,1200.0,200.0,162.0,125.0,24.0,0.0,0.0,200.0,162.0,199.0,137.0,1.0,25.0,1778487328902.0,1778487330068.0,,2227.0,,,3143.0,1951.0,,,,,4926.0,,,,3794.0,2323.0,915.0,2734.0,3321.0,40.0,40.0,False,0.0,3.0,200.0,A,False,shared,0.0,1.0,3.0,200.0,10000.0,2.0,1.0,0.0,400.0,11.165,11.818,9.485,10.025,11.84,12.781,54.0,,0.0,0.0,0.0,,0.0,,0.0,0.0,,0.0,,0,-1.6799999999999997,-1.7929999999999993,8624.0,-44.0
D:\ContainerLiveMigration\tests\testläufe\messungen_daten\runs\batches\20260511_071211_postcopy_wrk1_0d71f4\runs\0085,0085,85,20260511_081543_postcopy_85_015099,postcopy,wrk1,ok,2026-05-11T08:15:43Z,2026-05-11T08:16:26Z,,True,True,False,20260511_071211_postcopy_wrk1_0d71f4,/mnt/criu/runs/batches/20260511_071211_postcopy_wrk1_0d71f4,True,D:\ContainerLiveMigration\tests\testläufe\messungen_daten\runs\batches\20260511_071211_postcopy_wrk1_0d71f4\runs\0085\summary.json,,False,,,1778487372057.0,1778487372057.0,events(offset_corrected),11985.0,3353.0,9888.0,2.0,14263.0,1864.0,1864.0,1860.0,42.0,53.0,6050.0,1850.0,200.0,170.0,122.0,38.0,0.0,0.0,200.0,169.0,200.0,131.0,0.0,38.0,1778487372549.0,1778487374413.0,,1951.0,,,2993.0,1900.0,,,,,5078.0,,,,4011.0,2345.0,870.0,3306.0,3704.0,40.0,40.0,False,0.0,3.0,200.0,A,False,shared,0.0,1.0,3.0,200.0,10000.0,2.0,1.0,0.0,400.0,9.49,10.903,8.57,9.075,10.35,11.092,50.0,,0.0,0.0,0.0,,0.0,,0.0,0.0,,0.0,,0,-0.9199999999999999,-1.8280000000000012,8028.0,4.0
D:\ContainerLiveMigration\tests\testläufe\messungen_daten\runs\batches\20260511_071211_postcopy_wrk1_0d71f4\runs\0086,0086,86,20260511_081628_postcopy_86_a3f2ff,postcopy,wrk1,ok,2026-05-11T08:16:28Z,2026-05-11T08:17:10Z,,True,True,False,20260511_071211_postcopy_wrk1_0d71f4,/mnt/criu/runs/batches/20260511_071211_postcopy_wrk1_0d71f4,True,D:\ContainerLiveMigration\tests\testläufe\messungen_daten\runs\batches\20260511_071211_postcopy_wrk1_0d71f4\runs\0086\summary.json,,False,,,1778487416931.0,1778487416931.0,events(offset_corrected),12000.0,3301.0,9332.0,3.0,13663.0,1213.0,1213.0,1213.0,107.0,50.0,6151.0,1200.0,200.0,163.0,125.0,25.0,0.0,0.0,200.0,163.0,200.0,138.0,0.0,25.0,1778487417504.0,1778487418717.0,,2136.0,,,2857.0,1880.0,,,,,4839.0,,,,3714.0,2333.0,907.0,2713.0,3275.0,40.0,40.0,False,0.0,3.0,200.0,A,False,shared,0.0,1.0,3.0,200.0,10000.0,2.0,1.0,0.0,400.0,10.055,11.95,10.41,10.843,11.86,12.85,49.0,,0.0,0.0,0.0,,0.0,,0.0,0.0,,0.0,,0,0.3550000000000004,-1.1069999999999993,8119.0,0.0
D:\ContainerLiveMigration\tests\testläufe\messungen_daten\runs\batches\20260511_071211_postcopy_wrk1_0d71f4\runs\0087,0087,87,20260511_081712_postcopy_87_d58af7,postcopy,wrk1,ok,2026-05-11T08:17:12Z,2026-05-11T08:17:55Z,,True,True,False,20260511_071211_postcopy_wrk1_0d71f4,/mnt/criu/runs/batches/20260511_071211_postcopy_wrk1_0d71f4,True,D:\ContainerLiveMigration\tests\testläufe\messungen_daten\runs\batches\20260511_071211_postcopy_wrk1_0d71f4\runs\0087\summary.json,,False,,,1778487461066.0,1778487461066.0,events(offset_corrected),11787.0,3302.0,9159.0,2.0,13463.0,1264.0,1264.0,1260.0,52.0,47.0,6151.0,1249.0,201.0,163.0,124.0,26.0,0.0,0.0,200.0,164.0,199.0,138.0,1.0,26.0,1778487461587.0,1778487462851.0,,2092.0,,,2915.0,1759.0,,,,,4977.0,,,,3878.0,2369.0,893.0,2850.0,3411.0,40.0,40.0,False,0.0,3.0,200.0,A,False,shared,0.0,1.0,3.0,200.0,10000.0,2.0,1.0,0.0,400.0,9.63,10.479,6.655,7.521,9.27,10.587,49.0,,0.0,0.0,0.0,,0.0,,0.0,0.0,,0.0,,0,-2.9750000000000005,-2.9579999999999993,7899.0,4.0
D:\ContainerLiveMigration\tests\testläufe\messungen_daten\runs\batches\20260511_071211_postcopy_wrk1_0d71f4\runs\0088,0088,88,20260511_081756_postcopy_88_0e9d24,postcopy,wrk1,ok,2026-05-11T08:17:57Z,2026-05-11T08:18:40Z,,True,True,False,20260511_071211_postcopy_wrk1_0d71f4,/mnt/criu/runs/batches/20260511_071211_postcopy_wrk1_0d71f4,True,D:\ContainerLiveMigration\tests\testläufe\messungen_daten\runs\batches\20260511_071211_postcopy_wrk1_0d71f4\runs\0088\summary.json,,False,,,1778487506844.0,1778487506844.0,events(offset_corrected),13092.0,3451.0,10282.0,2.0,14761.0,1212.0,1212.0,1210.0,38.0,56.0,6054.0,1200.0,201.0,161.0,122.0,25.0,0.0,0.0,200.0,160.0,199.0,135.0,1.0,25.0,1778487507402.0,1778487508614.0,,2371.0,,,3126.0,2695.0,,,,,4632.0,,,,3489.0,2313.0,913.0,2727.0,3282.0,40.0,40.0,False,0.0,3.0,200.0,A,False,shared,0.0,1.0,3.0,200.0,10000.0,2.0,1.0,0.0,400.0,10.05,11.193,7.49,8.517,9.51,10.808,51.0,,0.0,0.0,0.0,,0.0,,0.0,0.0,,0.0,,0,-2.5600000000000005,-2.676,9072.0,2.0
D:\ContainerLiveMigration\tests\testläufe\messungen_daten\runs\batches\20260511_071211_postcopy_wrk1_0d71f4\runs\0089,0089,89,20260511_081842_postcopy_89_dd53ff,postcopy,wrk1,ok,2026-05-11T08:18:42Z,2026-05-11T08:19:25Z,,True,True,False,20260511_071211_postcopy_wrk1_0d71f4,/mnt/criu/runs/batches/20260511_071211_postcopy_wrk1_0d71f4,True,D:\ContainerLiveMigration\tests\testläufe\messungen_daten\runs\batches\20260511_071211_postcopy_wrk1_0d71f4\runs\0089\summary.json,,False,,,1778487551257.0,1778487551257.0,events(offset_corrected),12291.0,3350.0,9615.0,2.0,13970.0,1215.0,1215.0,1260.0,52.0,51.0,6157.0,1250.0,201.0,164.0,124.0,25.0,0.0,0.0,199.0,165.0,198.0,139.0,1.0,26.0,1778487551821.0,1778487553036.0,,2084.0,,,3361.0,1874.0,,,,,4970.0,,,,3820.0,2314.0,950.0,2870.0,3427.0,40.0,40.0,False,0.0,3.0,200.0,A,False,shared,0.0,1.0,3.0,200.0,10000.0,2.0,1.0,0.0,400.0,9.905,11.171,7.24,8.508,9.46,10.574,50.0,,0.0,0.0,0.0,,0.0,,0.0,0.0,,0.0,,0,-2.664999999999999,-2.6630000000000003,8355.0,-45.0
D:\ContainerLiveMigration\tests\testläufe\messungen_daten\runs\batches\20260511_071211_postcopy_wrk1_0d71f4\runs\0090,0090,90,20260511_081927_postcopy_90_3d455f,postcopy,wrk1,ok,2026-05-11T08:19:27Z,2026-05-11T08:20:10Z,,True,True,False,20260511_071211_postcopy_wrk1_0d71f4,/mnt/criu/runs/batches/20260511_071211_postcopy_wrk1_0d71f4,True,D:\ContainerLiveMigration\tests\testläufe\messungen_daten\runs\batches\20260511_071211_postcopy_wrk1_0d71f4\runs\0090\summary.json,,False,,,1778487596673.0,1778487596673.0,events(offset_corrected),12403.0,3450.0,9661.0,2.0,14114.0,1264.0,1264.0,1264.0,45.0,50.0,6000.0,1250.0,200.0,164.0,121.0,26.0,0.0,0.0,200.0,163.0,199.0,137.0,1.0,26.0,1778487597216.0,1778487598480.0,,2188.0,,,3137.0,1797.0,,,,,5049.0,,,,3905.0,2395.0,930.0,2931.0,3477.0,40.0,40.0,False,0.0,3.0,200.0,A,False,shared,0.0,1.0,3.0,200.0,10000.0,2.0,1.0,0.0,400.0,9.565,10.94,7.04,9.524,9.37,11.225,51.0,,0.0,0.0,0.0,,0.0,,0.0,0.0,,0.0,,0,-2.5249999999999995,-1.4160000000000004,8397.0,0.0
D:\ContainerLiveMigration\tests\testläufe\messungen_daten\runs\batches\20260511_071211_postcopy_wrk1_0d71f4\runs\0091,0091,91,20260511_082011_postcopy_91_0ed412,postcopy,wrk1,ok,2026-05-11T08:20:11Z,2026-05-11T08:20:56Z,,True,True,False,20260511_071211_postcopy_wrk1_0d71f4,/mnt/criu/runs/batches/20260511_071211_postcopy_wrk1_0d71f4,True,D:\ContainerLiveMigration\tests\testläufe\messungen_daten\runs\batches\20260511_071211_postcopy_wrk1_0d71f4\runs\0091\summary.json,,False,,,1778487642231.0,1778487642231.0,events(offset_corrected),12147.0,3362.0,9508.0,2.0,13866.0,1214.0,1214.0,1261.0,65.0,58.0,6153.0,1250.0,200.0,169.0,124.0,25.0,0.0,0.0,200.0,169.0,200.0,143.0,0.0,26.0,1778487642822.0,1778487644036.0,,2178.0,,,2788.0,1882.0,,,,,5080.0,,,,3960.0,2346.0,906.0,3055.0,3665.0,40.0,40.0,False,0.0,3.0,200.0,A,False,shared,0.0,1.0,3.0,200.0,10000.0,2.0,1.0,0.0,400.0,10.84,11.483,11.335,11.166,12.195,13.105,53.0,,0.0,0.0,0.0,,0.0,,0.0,0.0,,0.0,,0,0.495000000000001,-0.31700000000000017,8247.0,-47.0
D:\ContainerLiveMigration\tests\testläufe\messungen_daten\runs\batches\20260511_071211_postcopy_wrk1_0d71f4\runs\0092,0092,92,20260511_082058_postcopy_92_69ca7d,postcopy,wrk1,ok,2026-05-11T08:20:58Z,2026-05-11T08:21:42Z,,True,True,False,20260511_071211_postcopy_wrk1_0d71f4,/mnt/criu/runs/batches/20260511_071211_postcopy_wrk1_0d71f4,True,D:\ContainerLiveMigration\tests\testläufe\messungen_daten\runs\batches\20260511_071211_postcopy_wrk1_0d71f4\runs\0092\summary.json,,False,,,1778487687475.0,1778487687475.0,events(offset_corrected),12443.0,3151.0,10523.0,2.0,14656.0,1815.0,1815.0,1810.0,45.0,48.0,6351.0,1800.0,201.0,175.0,128.0,37.0,0.0,0.0,200.0,175.0,200.0,138.0,0.0,37.0,1778487687993.0,1778487689808.0,,2355.0,,,3269.0,1994.0,,,,,4532.0,,,,3449.0,2215.0,872.0,3361.0,3939.0,40.0,40.0,False,0.0,3.0,200.0,A,False,shared,0.0,1.0,3.0,200.0,10000.0,2.0,1.0,0.0,400.0,10.19,10.866,8.065,8.785,9.98,11.062,52.0,,0.0,0.0,0.0,,0.0,,0.0,0.0,,0.0,,0,-2.125,-2.0809999999999995,8713.0,5.0
D:\ContainerLiveMigration\tests\testläufe\messungen_daten\runs\batches\20260511_071211_postcopy_wrk1_0d71f4\runs\0093,0093,93,20260511_082143_postcopy_93_65f763,postcopy,wrk1,ok,2026-05-11T08:21:43Z,2026-05-11T08:22:27Z,,True,True,False,20260511_071211_postcopy_wrk1_0d71f4,/mnt/criu/runs/batches/20260511_071211_postcopy_wrk1_0d71f4,True,D:\ContainerLiveMigration\tests\testläufe\messungen_daten\runs\batches\20260511_071211_postcopy_wrk1_0d71f4\runs\0093\summary.json,,False,,,1778487733684.0,1778487733684.0,events(offset_corrected),12303.0,3400.0,9606.0,2.0,13962.0,1212.0,1212.0,1160.0,42.0,49.0,6152.0,1150.0,201.0,166.0,124.0,25.0,0.0,0.0,200.0,165.0,198.0,141.0,2.0,24.0,1778487734241.0,1778487735453.0,,2281.0,,,3065.0,1814.0,,,,,4870.0,,,,3726.0,2338.0,886.0,2915.0,3510.0,40.0,40.0,False,0.0,3.0,200.0,A,False,shared,0.0,1.0,3.0,200.0,10000.0,2.0,1.0,0.0,400.0,9.615,11.445,10.82,11.364,12.12,12.635,53.0,,0.0,0.0,0.0,,0.0,,0.0,0.0,,0.0,,0,1.205,-0.08099999999999952,8446.0,52.0
D:\ContainerLiveMigration\tests\testläufe\messungen_daten\runs\batches\20260511_071211_postcopy_wrk1_0d71f4\runs\0094,0094,94,20260511_082229_postcopy_94_0e6391,postcopy,wrk1,ok,2026-05-11T08:22:29Z,2026-05-11T08:23:12Z,,True,True,False,20260511_071211_postcopy_wrk1_0d71f4,/mnt/criu/runs/batches/20260511_071211_postcopy_wrk1_0d71f4,True,D:\ContainerLiveMigration\tests\testläufe\messungen_daten\runs\batches\20260511_071211_postcopy_wrk1_0d71f4\runs\0094\summary.json,,False,,,1778487778270.0,1778487778270.0,events(offset_corrected),11748.0,2850.0,9549.0,2.0,13364.0,1164.0,1164.0,1111.0,48.0,50.0,6651.0,1100.0,201.0,160.0,134.0,24.0,0.0,0.0,200.0,160.0,199.0,137.0,1.0,23.0,1778487778798.0,1778487779962.0,,2002.0,,,3467.0,1810.0,,,,,4470.0,,,,3516.0,2032.0,776.0,2677.0,3233.0,40.0,40.0,False,0.0,3.0,200.0,A,False,shared,0.0,1.0,3.0,200.0,10000.0,2.0,1.0,0.0,400.0,10.555,11.446,7.79,8.641,10.37,11.287,49.0,,0.0,0.0,0.0,,0.0,,0.0,0.0,,0.0,,0,-2.7649999999999997,-2.8049999999999997,8438.0,53.0
D:\ContainerLiveMigration\tests\testläufe\messungen_daten\runs\batches\20260511_071211_postcopy_wrk1_0d71f4\runs\0095,0095,95,20260511_082313_postcopy_95_629cc7,postcopy,wrk1,ok,2026-05-11T08:23:13Z,2026-05-11T08:23:57Z,,True,True,False,20260511_071211_postcopy_wrk1_0d71f4,/mnt/criu/runs/batches/20260511_071211_postcopy_wrk1_0d71f4,True,D:\ContainerLiveMigration\tests\testläufe\messungen_daten\runs\batches\20260511_071211_postcopy_wrk1_0d71f4\runs\0095\summary.json,,False,,,1778487823844.0,1778487823844.0,events(offset_corrected),12963.0,3349.0,10252.0,2.0,14662.0,1213.0,1213.0,1260.0,50.0,48.0,6101.0,1250.0,200.0,168.0,123.0,25.0,0.0,0.0,200.0,168.0,199.0,142.0,1.0,26.0,1778487824425.0,1778487825638.0,,2864.0,,,3159.0,1844.0,,,,,4863.0,,,,3777.0,2338.0,890.0,2983.0,3580.0,40.0,40.0,False,0.0,3.0,200.0,A,False,shared,0.0,1.0,3.0,200.0,10000.0,2.0,1.0,0.0,400.0,9.185,10.402,10.525,10.897,11.825,12.954,53.0,,0.0,0.0,0.0,,0.0,,0.0,0.0,,0.0,,0,1.3399999999999999,0.495000000000001,8992.0,-47.0
D:\ContainerLiveMigration\tests\testläufe\messungen_daten\runs\batches\20260511_071211_postcopy_wrk1_0d71f4\runs\0096,0096,96,20260511_082359_postcopy_96_ad5dca,postcopy,wrk1,ok,2026-05-11T08:23:59Z,2026-05-11T08:24:44Z,,True,True,False,20260511_071211_postcopy_wrk1_0d71f4,/mnt/criu/runs/batches/20260511_071211_postcopy_wrk1_0d71f4,True,D:\ContainerLiveMigration\tests\testläufe\messungen_daten\runs\batches\20260511_071211_postcopy_wrk1_0d71f4\runs\0096\summary.json,,False,,,1778487869517.0,1778487869517.0,events(offset_corrected),12506.0,3401.0,9786.0,2.0,14170.0,1213.0,1213.0,1210.0,77.0,54.0,6158.0,1200.0,200.0,182.0,124.0,25.0,0.0,0.0,200.0,180.0,200.0,155.0,0.0,25.0,1778487870077.0,1778487871290.0,,2233.0,,,3181.0,1835.0,,,,,5000.0,,,,3891.0,2335.0,897.0,2904.0,4256.0,40.0,40.0,False,0.0,3.0,200.0,A,False,shared,0.0,1.0,3.0,200.0,10000.0,2.0,1.0,0.0,400.0,10.39,11.238,10.9,11.494,11.83,12.864,54.0,,0.0,0.0,0.0,,0.0,,0.0,0.0,,0.0,,0,0.5099999999999998,0.2560000000000002,8576.0,3.0
D:\ContainerLiveMigration\tests\testläufe\messungen_daten\runs\batches\20260511_071211_postcopy_wrk1_0d71f4\runs\0097,0097,97,20260511_082445_postcopy_97_6c488f,postcopy,wrk1,ok,2026-05-11T08:24:45Z,2026-05-11T08:25:29Z,,True,True,False,20260511_071211_postcopy_wrk1_0d71f4,/mnt/criu/runs/batches/20260511_071211_postcopy_wrk1_0d71f4,True,D:\ContainerLiveMigration\tests\testläufe\messungen_daten\runs\batches\20260511_071211_postcopy_wrk1_0d71f4\runs\0097\summary.json,,False,,,1778487914988.0,1778487914988.0,events(offset_corrected),12397.0,3447.0,9653.0,2.0,14163.0,1313.0,1313.0,1260.0,34.0,52.0,5951.0,1250.0,200.0,166.0,120.0,27.0,0.0,0.0,200.0,166.0,200.0,140.0,0.0,26.0,1778487915524.0,1778487916837.0,,2216.0,,,3132.0,1846.0,,,,,5207.0,,,,4075.0,2331.0,901.0,2949.0,3539.0,40.0,40.0,False,0.0,3.0,200.0,A,False,shared,0.0,1.0,3.0,200.0,10000.0,2.0,1.0,0.0,400.0,10.0,11.084,10.87,11.821,12.27,12.695,51.0,,0.0,0.0,0.0,,0.0,,0.0,0.0,,0.0,,0,0.8699999999999992,0.7370000000000001,8393.0,53.0
D:\ContainerLiveMigration\tests\testläufe\messungen_daten\runs\batches\20260511_071211_postcopy_wrk1_0d71f4\runs\0098,0098,98,20260511_082530_postcopy_98_66442c,postcopy,wrk1,ok,2026-05-11T08:25:30Z,2026-05-11T08:26:14Z,,True,True,False,20260511_071211_postcopy_wrk1_0d71f4,/mnt/criu/runs/batches/20260511_071211_postcopy_wrk1_0d71f4,True,D:\ContainerLiveMigration\tests\testläufe\messungen_daten\runs\batches\20260511_071211_postcopy_wrk1_0d71f4\runs\0098\summary.json,,False,,,1778487960867.0,1778487960867.0,events(offset_corrected),12702.0,3408.0,9919.0,3.0,14428.0,1262.0,1262.0,1210.0,72.0,50.0,6018.0,1200.0,201.0,165.0,121.0,27.0,0.0,0.0,200.0,166.0,199.0,141.0,1.0,25.0,1778487961439.0,1778487962701.0,,2254.0,,,3242.0,1954.0,,,,,5244.0,,,,4087.0,2396.0,937.0,2879.0,3412.0,40.0,40.0,False,0.0,3.0,200.0,A,False,shared,0.0,1.0,3.0,200.0,10000.0,2.0,1.0,0.0,400.0,10.1,11.128,7.29,8.957,9.43,10.617,51.0,,0.0,0.0,0.0,,0.0,,0.0,0.0,,0.0,,0,-2.8099999999999996,-2.1709999999999994,8709.0,52.0
D:\ContainerLiveMigration\tests\testläufe\messungen_daten\runs\batches\20260511_071211_postcopy_wrk1_0d71f4\runs\0099,0099,99,20260511_082616_postcopy_99_2248fe,postcopy,wrk1,ok,2026-05-11T08:26:16Z,2026-05-11T08:27:01Z,,True,True,False,20260511_071211_postcopy_wrk1_0d71f4,/mnt/criu/runs/batches/20260511_071211_postcopy_wrk1_0d71f4,True,D:\ContainerLiveMigration\tests\testläufe\messungen_daten\runs\batches\20260511_071211_postcopy_wrk1_0d71f4\runs\0099\summary.json,,False,,,1778488007704.0,1778488007704.0,events(offset_corrected),13588.0,3153.0,11184.0,3.0,15270.0,1217.0,1217.0,1160.0,34.0,51.0,6408.0,1149.0,201.0,166.0,130.0,25.0,0.0,0.0,200.0,166.0,199.0,142.0,1.0,24.0,1778488008261.0,1778488009478.0,,2301.0,,,4262.0,1959.0,,,,,4823.0,,,,3797.0,2217.0,820.0,2875.0,3465.0,40.0,40.0,False,0.0,3.0,200.0,A,False,shared,0.0,1.0,3.0,200.0,10000.0,2.0,1.0,0.0,400.0,10.17,11.576,8.555,9.391,10.64,11.314,55.0,,0.0,0.0,0.0,,0.0,,0.0,0.0,,0.0,,0,-1.6150000000000002,-2.1850000000000005,10024.0,57.0
D:\ContainerLiveMigration\tests\testläufe\messungen_daten\runs\batches\20260511_071211_postcopy_wrk1_0d71f4\runs\0100,0100,100,20260511_082703_postcopy_100_8cd8bf,postcopy,wrk1,ok,2026-05-11T08:27:03Z,2026-05-11T08:27:47Z,,True,True,False,20260511_071211_postcopy_wrk1_0d71f4,/mnt/criu/runs/batches/20260511_071211_postcopy_wrk1_0d71f4,True,D:\ContainerLiveMigration\tests\testläufe\messungen_daten\runs\batches\20260511_071211_postcopy_wrk1_0d71f4\runs\0100\summary.json,,False,,,1778488053385.0,1778488053385.0,events(offset_corrected),12891.0,3349.0,10343.0,3.0,14668.0,1314.0,1314.0,1311.0,52.0,50.0,6158.0,1300.0,201.0,167.0,125.0,27.0,0.0,0.0,200.0,167.0,200.0,140.0,0.0,27.0,1778488053955.0,1778488055269.0,,2365.0,,,3192.0,2073.0,,,,,4994.0,,,,3878.0,2363.0,899.0,2918.0,3499.0,40.0,40.0,False,0.0,3.0,200.0,A,False,shared,0.0,1.0,3.0,200.0,10000.0,2.0,1.0,0.0,400.0,10.25,11.264,11.32,11.836,12.44,12.863,52.0,,0.0,0.0,0.0,,0.0,,0.0,0.0,,0.0,,0,1.0700000000000003,0.572000000000001,9032.0,3.0
